2.561682939529419 1.0766099691390991
2.491654872894287 1.0054359436035156
2.4256086349487305 0.9384764432907104
2.363492012023926 0.8754943013191223
2.3050925731658936 0.8161887526512146
2.2500782012939453 0.7608444690704346
2.198011875152588 0.7091837525367737
2.1483893394470215 0.6608973145484924
2.1007518768310547 0.6157199144363403
2.054821014404297 0.5731250643730164
2.0104870796203613 0.5335126519203186
1.9677658081054688 0.49640530347824097
1.9267330169677734 0.4616813063621521
1.8874871730804443 0.42926251888275146
1.8501310348510742 0.39864251017570496
1.8147459030151367 0.3705228865146637
1.7814075946807861 0.3443479835987091
1.7501579523086548 0.320076048374176
1.7210168838500977 0.29754331707954407
1.6940009593963623 0.27646905183792114
1.6690948009490967 0.2572091817855835
1.646272897720337 0.23924249410629272
1.6254901885986328 0.22241657972335815
1.6066923141479492 0.20693477988243103
1.5898075103759766 0.19222970306873322
1.5747706890106201 0.17843297123908997
1.5614750385284424 0.16564100980758667
1.5498368740081787 0.15339675545692444
1.5397653579711914 0.14186228811740875
1.531137466430664 0.1309620440006256
1.5238523483276367 0.12079261243343353
1.5177942514419556 0.1109779104590416
1.5128557682037354 0.10187824070453644
1.5089325904846191 0.09327829629182816
1.5059196949005127 0.08516544103622437
1.5037117004394531 0.07777711004018784
1.5021977424621582 0.07077472656965256
1.5012750625610352 0.06443584710359573
1.5008513927459717 0.05849931016564369
1.5008238554000854 0.05311650410294533
1.501107096672058 0.04825138300657272
1.5016202926635742 0.043779563158750534
1.5023040771484375 0.039634060114622116
1.5031037330627441 0.035953179001808167
1.5039801597595215 0.03262941539287567
1.5049054622650146 0.029583608731627464
1.5058486461639404 0.02680518478155136
1.5068066120147705 0.024369802325963974
1.5077741146087646 0.0220760740339756
1.5087603330612183 0.019992399960756302
1.5097565650939941 0.018083160743117332
1.5107738971710205 0.01637732796370983
1.511812686920166 0.014776420779526234
1.5128766298294067 0.013322376646101475
1.5139786005020142 0.012000915594398975
1.5151156187057495 0.010791570879518986
1.516282320022583 0.009684767574071884
1.5174689292907715 0.00866161659359932
1.5186655521392822 0.0077097490429878235
1.5198527574539185 0.006833173334598541
1.521014928817749 0.00605021184310317
1.522141456604004 0.005338044371455908
1.523220181465149 0.004693865776062012
1.5242235660552979 0.004107377491891384
1.5251468420028687 0.0035894247703254223
1.5259772539138794 0.0031206177081912756
1.526703119277954 0.0027147531509399414
1.5273218154907227 0.0023383700754493475
1.5278217792510986 0.0020170421339571476
1.528209924697876 0.0017247612122446299
1.5284868478775024 0.001462808228097856
1.5286465883255005 0.0012335125356912613
1.528709053993225 0.001033349777571857
1.5286858081817627 0.0008545510354451835
1.528594970703125 0.000710123626049608
1.5284440517425537 0.0005795656470581889
1.5282537937164307 0.00047163746785372496
1.5280359983444214 0.00037734140641987324
1.5278058052062988 0.00029723887564614415
1.5275726318359375 0.00023175289970822632
1.5273524522781372 0.00017519592074677348
1.5271403789520264 0.0001310009101871401
1.5269486904144287 9.596787276677787e-05
1.5267772674560547 6.859609857201576e-05
1.5266350507736206 4.890932541457005e-05
1.5265153646469116 3.536643271218054e-05
1.5264191627502441 2.5350604119012132e-05
1.5263385772705078 2.0418399799382314e-05
1.526270866394043 1.8332870240556076e-05
1.5262179374694824 1.7541624401928857e-05
1.5261684656143188 1.815294672269374e-05
1.526121973991394 1.9855695427395403e-05
1.526066541671753 2.2018404706614092e-05
1.5260096788406372 2.4536435375921428e-05
1.5259490013122559 2.6848527340916917e-05
1.5258818864822388 2.8839840524597093e-05
1.525808572769165 3.092330734943971e-05
1.5257439613342285 3.265501436544582e-05
1.5256742238998413 3.409857163205743e-05
1.5256052017211914 3.461434243945405e-05
