3.2807059288024902 2.0949618816375732
3.180929183959961 1.9841115474700928
3.085238218307495 1.8773049116134644
2.9937167167663574 1.7748494148254395
2.906364679336548 1.6761175394058228
2.8232779502868652 1.5817190408706665
2.74442195892334 1.4916502237319946
2.669820785522461 1.4056860208511353
2.5994462966918945 1.3240439891815186
2.533236265182495 1.2465856075286865
2.4711356163024902 1.1732709407806396
2.4130921363830566 1.1040529012680054
2.358980178833008 1.0389306545257568
2.3086888790130615 0.9773719906806946
2.2620463371276855 0.9199598431587219
2.218895673751831 0.8659836649894714
2.17905855178833 0.815532386302948
2.142355442047119 0.7685667276382446
2.1085567474365234 0.7243086099624634
2.077437162399292 0.683102548122406
2.0488109588623047 0.6443278193473816
2.0224313735961914 0.6084359884262085
1.9981153011322021 0.5745769739151001
1.9756522178649902 0.5428941249847412
1.954853892326355 0.5131287574768066
1.9355335235595703 0.4851851463317871
1.9175266027450562 0.4587130844593048
1.9007163047790527 0.43389517068862915
1.8849562406539917 0.4102219343185425
1.870147943496704 0.38766753673553467
1.8562090396881104 0.3663005232810974
1.8430503606796265 0.3460049629211426
1.8306158781051636 0.3265710473060608
1.81887686252594 0.30815979838371277
1.8077654838562012 0.290628582239151
1.7972506284713745 0.2739006578922272
1.7873084545135498 0.25763097405433655
1.7779449224472046 0.2422325313091278
1.7691240310668945 0.22757215797901154
1.7608474493026733 0.21365977823734283
1.7530964612960815 0.2003648728132248
1.7458581924438477 0.18775394558906555
1.7391319274902344 0.17567087709903717
1.7329238653182983 0.16419458389282227
1.727213978767395 0.1534986048936844
1.721984624862671 0.1431378871202469
1.7172316312789917 0.13353687524795532
1.7129371166229248 0.12443932890892029
1.7090972661972046 0.11589574813842773
1.7056963443756104 0.10783690214157104
1.7027145624160767 0.10021694004535675
1.7001404762268066 0.09309802949428558
1.6979525089263916 0.08643896877765656
1.6961349248886108 0.08026508241891861
1.694651484489441 0.07443776726722717
1.6935055255889893 0.06900157779455185
1.6926729679107666 0.06392201036214828
1.692115306854248 0.059217419475317
1.691839337348938 0.054808586835861206
1.6917999982833862 0.05068124085664749
1.6919972896575928 0.04690020531415939
1.6924017667770386 0.04333009570837021
1.6929969787597656 0.03995368629693985
1.6937830448150635 0.03689099848270416
1.6947352886199951 0.03402410447597504
1.6958333253860474 0.031364813446998596
1.6970813274383545 0.028851764276623726
1.698456048965454 0.02658913843333721
1.6999403238296509 0.02440677396953106
1.7015315294265747 0.022451793774962425
1.7032296657562256 0.02058192528784275
1.7050211429595947 0.018860187381505966
1.7068896293640137 0.01728292927145958
1.7088334560394287 0.015802059322595596
1.7108453512191772 0.014420236460864544
1.7129164934158325 0.013168898411095142
1.7150455713272095 0.011991292238235474
1.717221975326538 0.010906465351581573
1.7194392681121826 0.009932488203048706
1.7216938734054565 0.00900852307677269
1.7239735126495361 0.00816422514617443
1.7262784242630005 0.007374423556029797
1.7285957336425781 0.006663717795163393
1.7309211492538452 0.00599387614056468
1.733245611190796 0.005415847059339285
1.7355552911758423 0.004877274390310049
1.737854242324829 0.004378580488264561
1.7401357889175415 0.003923722542822361
1.7423820495605469 0.003510671202093363
1.744602084159851 0.0031448453664779663
1.7467741966247559 0.0028115124441683292
1.7488975524902344 0.002500491216778755
1.7509820461273193 0.0022213212214410305
1.7530083656311035 0.0019791312515735626
1.7549724578857422 0.0017493305495008826
1.7568784952163696 0.0015629974659532309
1.758721947669983 0.0013721262803301215
1.7604866027832031 0.0012131166877225041
1.76218843460083 0.0010772772366181016
1.7638235092163086 0.000949259614571929
