1.90425705909729 1.4182575941085815
1.8166108131408691 1.3320595026016235
1.7330360412597656 1.2497622966766357
1.6535923480987549 1.1711722612380981
1.578275203704834 1.097124695777893
1.5070606470108032 1.0263950824737549
1.4398839473724365 0.9598801732063293
1.376649260520935 0.8969539403915405
1.3172194957733154 0.8382765650749207
1.2614054679870605 0.7828687429428101
1.2089840173721313 0.7311894297599792
1.1597356796264648 0.6828895807266235
1.1134105920791626 0.6378257274627686
1.06977117061615 0.5955851674079895
1.028601884841919 0.5560262799263
0.9897170066833496 0.5191559791564941
0.9529327154159546 0.48479384183883667
0.9180907607078552 0.4522875249385834
0.8850667476654053 0.4225212037563324
0.8537501096725464 0.3939284086227417
0.8240221738815308 0.36763671040534973
0.7958056926727295 0.3424326479434967
0.7690267562866211 0.319511353969574
0.7436175346374512 0.297250896692276
0.7195262908935547 0.2771853506565094
0.6967110633850098 0.25743016600608826
0.6751391887664795 0.23953136801719666
0.6547757983207703 0.22233538329601288
0.635594367980957 0.20592385530471802
0.6175740957260132 0.1909056454896927
0.6006944179534912 0.17611342668533325
0.5849341154098511 0.1626332551240921
0.5702730417251587 0.14955249428749084
0.5566909313201904 0.13721594214439392
0.544165849685669 0.12585856020450592
0.532676637172699 0.11498435586690903
0.5221924781799316 0.10487081855535507
0.5126778483390808 0.09560206532478333
0.5040940046310425 0.08684155344963074
0.49639588594436646 0.07886788249015808
0.489535391330719 0.07146474719047546
0.48345592617988586 0.06471925973892212
0.4780987799167633 0.05859190970659256
0.47340086102485657 0.05314045399427414
0.46929100155830383 0.04782694950699806
0.4657112956047058 0.043321702629327774
0.4626009464263916 0.03919192776083946
0.45989561080932617 0.03551683574914932
0.45754295587539673 0.0319470651447773
0.4554952383041382 0.028925880789756775
0.4537045359611511 0.02619260363280773
0.4521298408508301 0.023873332887887955
0.4507405459880829 0.02144857868552208
0.44951531291007996 0.019229916855692863
0.44842812418937683 0.017419934272766113
0.4474608302116394 0.015760108828544617
0.4466012120246887 0.014225774444639683
0.4458368420600891 0.012861817143857479
0.44515788555145264 0.011473949998617172
0.44455087184906006 0.010208025574684143
0.44401538372039795 0.009120908565819263
0.4435429871082306 0.008164776489138603
0.4431263208389282 0.007290872745215893
0.44275832176208496 0.006471259519457817
0.4424341022968292 0.00580398365855217
0.44214361906051636 0.005092802923172712
0.4418845772743225 0.004434565082192421
0.4416482746601105 0.003849899396300316
0.4414334297180176 0.003342090407386422
0.4412308633327484 0.002876651706174016
0.4410330355167389 0.0024921330623328686
0.4408401846885681 0.002151703694835305
0.4406448006629944 0.0018555884016677737
0.44044238328933716 0.0015855669043958187
0.4402309060096741 0.001353583880700171
0.4400073289871216 0.001150919240899384
0.4397759735584259 0.0009783803252503276
0.4395330548286438 0.0008284453069791198
0.43928688764572144 0.000700269709341228
0.43903082609176636 0.0005940717528574169
0.43877437710762024 0.0004960799706168473
0.4385203719139099 0.000411553424783051
0.4382699131965637 0.0003378686378709972
0.4380251169204712 0.00027544607291929424
0.43779391050338745 0.00022291926143225282
0.4375785291194916 0.00018185829685535282
0.4373812675476074 0.00014803164231125265
0.4372040629386902 0.00011930530308745801
0.4370523989200592 9.909621439874172e-05
0.4369259178638458 8.285525836981833e-05
0.4368252456188202 7.13535919203423e-05
0.43674883246421814 6.31376460660249e-05
0.4366949796676636 5.8386769524076954e-05
0.43665647506713867 5.257296288618818e-05
0.43663355708122253 5.024303027312271e-05
0.43662309646606445 4.863042340730317e-05
0.43662333488464355 4.789125523529947e-05
0.43662914633750916 4.795840504812077e-05
0.43663573265075684 4.8063484427984804e-05
0.43664807081222534 4.820566755370237e-05
