2.955085515975952 1.958495020866394
2.8662853240966797 1.8562779426574707
2.781273126602173 1.757955551147461
2.6994576454162598 1.6640796661376953
2.6197407245635986 1.5735361576080322
2.5412240028381348 1.486772894859314
2.464010238647461 1.4033772945404053
2.388723611831665 1.3225412368774414
2.31600284576416 1.2449589967727661
2.246290683746338 1.1703710556030273
2.179889440536499 1.0989158153533936
2.116987466812134 1.030142903327942
2.05771541595459 0.9641537070274353
2.0020689964294434 0.9009129405021667
1.9500761032104492 0.841081976890564
1.9016625881195068 0.7839897274971008
1.8567535877227783 0.7298291325569153
1.81522798538208 0.6784897446632385
1.7769477367401123 0.6297538876533508
1.741776466369629 0.5839294195175171
1.7095487117767334 0.5407775044441223
1.6800997257232666 0.49998125433921814
1.6532713174819946 0.4619108736515045
1.6288739442825317 0.4261685907840729
1.6067737340927124 0.3926302194595337
1.5868027210235596 0.3611440360546112
1.5688319206237793 0.33201006054878235
1.552727460861206 0.3046399652957916
1.538357138633728 0.2792907953262329
1.5255956649780273 0.255733847618103
1.5143107175827026 0.2337466925382614
1.5043957233428955 0.21345479786396027
1.4957399368286133 0.194668710231781
1.4882292747497559 0.17733924090862274
1.4817533493041992 0.16135452687740326
1.4762217998504639 0.14651639759540558
1.4715327024459839 0.13288477063179016
1.4675976037979126 0.12035484611988068
1.4643356800079346 0.10880821943283081
1.4616849422454834 0.09820879995822906
1.4595812559127808 0.08849851787090302
1.4579745531082153 0.07954035699367523
1.4568111896514893 0.0712980329990387
1.4560539722442627 0.06381619721651077
1.455672264099121 0.057050660252571106
1.4556282758712769 0.05087324604392052
1.455887794494629 0.04526977613568306
1.4564406871795654 0.040128082036972046
1.4572638273239136 0.03553129360079765
1.4583396911621094 0.03134918957948685
1.4596498012542725 0.027545830234885216
1.4611631631851196 0.02414204366505146
1.4628655910491943 0.021092567592859268
1.464734673500061 0.018329394981265068
1.4667398929595947 0.015914184972643852
1.4688588380813599 0.01374004315584898
1.4710708856582642 0.011840768158435822
1.4733326435089111 0.010133687406778336
1.4756150245666504 0.008630379103124142
1.4778802394866943 0.0073096007108688354
1.4801034927368164 0.0061789872124791145
1.4822551012039185 0.005166527349501848
1.4843194484710693 0.004314235877245665
1.486274003982544 0.003565173363313079
1.488107681274414 0.0029373602010309696
1.489813208580017 0.0023998275864869356
1.4913965463638306 0.0019419488962739706
1.4928641319274902 0.0015642378712072968
1.4942246675491333 0.0012421760475263
1.4954915046691895 0.0009960930328816175
1.4966769218444824 0.0007862923666834831
1.4977874755859375 0.0006272645550779998
1.4988458156585693 0.0004994353512302041
1.4998486042022705 0.00040884368354454637
1.5008164644241333 0.0003426104667596519
1.501744270324707 0.0002936208911705762
1.502634048461914 0.0002615639241412282
1.5034855604171753 0.0002425004349788651
1.5043039321899414 0.0002357332850806415
1.5050785541534424 0.00023679033620283008
1.50580632686615 0.00024046300677582622
1.5064783096313477 0.00024795180070213974
1.5070936679840088 0.00025983768864534795
1.5076417922973633 0.0002695184957701713
1.508127212524414 0.0002796427870634943
1.508544683456421 0.00028686088626272976
1.5088956356048584 0.00029339996399357915
1.5091848373413086 0.00029764510691165924
1.5094034671783447 0.0002993967500515282
1.5095603466033936 0.00030002999119460583
1.509655237197876 0.0002957960241474211
1.509704828262329 0.0002899316605180502
1.5097095966339111 0.00028239976381883025
1.5096771717071533 0.0002717134775593877
1.5096063613891602 0.00025876061408780515
1.5095062255859375 0.0002452604239806533
1.509377121925354 0.0002314581215614453
1.5092246532440186 0.00021629949333146214
1.509049892425537 0.00020016032794956118
1.5088608264923096 0.00018640657071955502
