2.5227854251861572 1.4864919185638428
2.4311234951019287 1.3946408033370972
2.348010540008545 1.306419014930725
2.2699978351593018 1.2224150896072388
2.1964809894561768 1.141724944114685
2.127298593521118 1.065104603767395
2.0623416900634766 0.992365837097168
2.001530647277832 0.923294186592102
1.9447472095489502 0.8580718040466309
1.8918462991714478 0.7965149879455566
1.8426880836486816 0.7384181022644043
1.7971155643463135 0.6837698817253113
1.7549878358840942 0.6321888566017151
1.7161694765090942 0.5839968919754028
1.6805484294891357 0.5385417342185974
1.6480127573013306 0.4960812032222748
1.6184507608413696 0.45650967955589294
1.5917593240737915 0.41931161284446716
1.5678308010101318 0.3846173882484436
1.5465385913848877 0.3525160253047943
1.5277376174926758 0.32242295145988464
1.5112965106964111 0.29481592774391174
1.4970747232437134 0.2694801092147827
1.484937071800232 0.2457941174507141
1.474737286567688 0.2240266054868698
1.4663279056549072 0.2037932574748993
1.4595825672149658 0.18537744879722595
1.4543612003326416 0.16848589479923248
1.4505341053009033 0.1529865711927414
1.44797682762146 0.13871759176254272
1.4465657472610474 0.12543955445289612
1.446178913116455 0.11340238898992538
1.446709156036377 0.10232686996459961
1.4480376243591309 0.09227044135332108
1.4500617980957031 0.08305511623620987
1.4526808261871338 0.07448117434978485
1.4558100700378418 0.06666256487369537
1.4593684673309326 0.05947369709610939
1.4632670879364014 0.052999965846538544
1.467453956604004 0.047092460095882416
1.4718636274337769 0.04176633432507515
1.4764595031738281 0.036940205842256546
1.4811999797821045 0.032554347068071365
1.4860433340072632 0.028670120984315872
1.4909632205963135 0.02514764480292797
1.495936393737793 0.022011952474713326
1.5009279251098633 0.019247664138674736
1.5059179067611694 0.016835499554872513
1.510892391204834 0.014735818840563297
1.515816330909729 0.012909375131130219
1.5206667184829712 0.011331753805279732
1.5254204273223877 0.00997321866452694
1.5300447940826416 0.008813740685582161
1.5345245599746704 0.007797660306096077
1.5388238430023193 0.006935858633369207
1.542919635772705 0.006176839582622051
1.5467891693115234 0.005534184165298939
1.5504226684570312 0.004973829258233309
1.5538015365600586 0.00447853934019804
1.5569415092468262 0.0040526664815843105
1.5598278045654297 0.003657036926597357
1.5624746084213257 0.003309310879558325
1.5648808479309082 0.0029952889308333397
1.5670608282089233 0.0027082536835223436
1.569016695022583 0.0024533988907933235
1.5707560777664185 0.002218205714598298
1.5722829103469849 0.0020031095482409
1.5736024379730225 0.0018009692430496216
1.5747207403182983 0.0016171842580661178
1.5756404399871826 0.0014574575470760465
1.57637619972229 0.001306072692386806
1.5769271850585938 0.001163338660262525
1.5773062705993652 0.0010317690903320909
1.577529788017273 0.0009139733156189322
1.5776104927062988 0.0008100565173663199
1.5775655508041382 0.0007118998328223825
1.5774102210998535 0.0006243346724659204
1.5771520137786865 0.0005495304940268397
1.5768064260482788 0.0004780863819178194
1.576372742652893 0.0004199710674583912
1.575865626335144 0.0003639227943494916
1.5752891302108765 0.00031677939114160836
1.5746476650238037 0.00027431346825324
1.57395601272583 0.0002394337934674695
1.5732266902923584 0.00020843154925387353
1.572466254234314 0.00018134049605578184
1.5716911554336548 0.00015867639740463346
1.570899486541748 0.00013934620073996484
1.5701156854629517 0.0001210283298860304
1.5693421363830566 0.00010462094360264018
1.5685797929763794 9.131465048994869e-05
1.5678380727767944 8.010601595742628e-05
1.5671162605285645 7.083245145622641e-05
1.5664129257202148 6.273014878388494e-05
1.565739631652832 5.6892429711297154e-05
1.5650957822799683 5.218667502049357e-05
1.5644762516021729 4.8099595005623996e-05
1.5638808012008667 4.606193760992028e-05
1.5633201599121094 4.4344440539134666e-05
1.5627952814102173 4.271230136509985e-05
