2.5227854251861572 1.4864919185638428
2.8252906799316406 1.8275787830352783
5.99351167678833 3.005690097808838
7.128671646118164 4.6778764724731445
11.891922950744629 7.996723651885986
19.73189353942871 8.93632984161377
24.887704849243164 10.829375267028809
29.687875747680664 25.323455810546875
4.509622573852539 2.148444175720215
12.238015174865723 8.265628814697266
2.9181623458862305 1.952793002128601
3.2724435329437256 1.7671725749969482
2.917191505432129 1.67293381690979
2.557415008544922 1.5334593057632446
2.4947237968444824 1.4105497598648071
2.2716307640075684 1.3917053937911987
3.0439295768737793 1.305361270904541
3.391263484954834 1.132556676864624
2.4212310314178467 1.2604130506515503
2.8273444175720215 1.4839869737625122
3.436539649963379 1.4106979370117188
11.159347534179688 8.302533149719238
9.235210418701172 6.250206470489502
17.011486053466797 13.392427444458008
6.9426679611206055 3.180595636367798
4.676003456115723 3.422441244125366
11.015514373779297 9.614333152770996
5.040458679199219 3.0371334552764893
13.109946250915527 11.240964889526367
4.668353080749512 2.7682557106018066
4.716177940368652 2.5368831157684326
7.177073001861572 4.675393581390381
3.4724655151367188 1.853551983833313
10.705902099609375 7.461843967437744
2.188530445098877 1.2423322200775146
6.679078102111816 4.997957229614258
3.4778947830200195 1.5402536392211914
4.204957485198975 3.1790759563446045
3.059180736541748 1.6222938299179077
2.251058578491211 0.8527515530586243
6.214879512786865 2.79388427734375
4.668828010559082 3.8125500679016113
2.7320878505706787 1.3758498430252075
8.481517791748047 5.7211103439331055
2.3342251777648926 1.1214131116867065
7.079195499420166 4.942802429199219
2.4400649070739746 1.0910438299179077
3.4672703742980957 2.186955451965332
2.281400203704834 1.2839713096618652
3.289961576461792 2.0192935466766357
2.5016040802001953 1.253453254699707
1.7585490942001343 0.5617982745170593
1.726961374282837 0.3070412576198578
1.5216946601867676 0.4732889235019684
1.717585563659668 0.4544305205345154
1.9155577421188354 1.0370869636535645
2.4434964656829834 1.560081124305725
2.3887410163879395 1.0375169515609741
1.714128017425537 0.5211911797523499
1.3738625049591064 0.370890736579895
2.084639072418213 0.40585264563560486
1.524362325668335 0.41118380427360535
1.4889171123504639 0.2977636456489563
2.1010396480560303 0.4078744351863861
2.3013722896575928 0.26249128580093384
4.38718843460083 0.44591426849365234
1.683287262916565 0.8574725985527039
1.5757191181182861 0.2511941194534302
3.2358338832855225 0.5483447909355164
1.45784330368042 0.44704312086105347
2.0052390098571777 0.2738586366176605
1.1325297355651855 0.07527055591344833
1.7411909103393555 0.40470775961875916
3.006631851196289 0.9845026731491089
0.8247549533843994 0.2886444926261902
2.3119516372680664 0.6758126616477966
1.6995911598205566 0.6413681507110596
1.1663671731948853 0.33872827887535095
1.854920506477356 0.6684839725494385
1.7471601963043213 0.9304943084716797
1.1350512504577637 0.36012476682662964
1.9234356880187988 0.6645122766494751
2.229410409927368 0.5427027344703674
1.9085592031478882 0.8002131581306458
1.4723055362701416 0.2758948504924774
1.8284552097320557 0.9203482270240784
1.3132725954055786 0.2629295587539673
1.728445291519165 0.8439626097679138
1.3473284244537354 0.2724009156227112
2.199897289276123 0.8074454665184021
1.2140370607376099 0.26463115215301514
2.1519246101379395 0.8391068577766418
1.4113999605178833 0.23461520671844482
1.1551780700683594 0.06545808166265488
1.8397283554077148 0.23948585987091064
1.726161003112793 0.3457503318786621
1.517738699913025 0.2802187502384186
1.2882295846939087 0.301778644323349
2.2253332138061523 0.24827882647514343
1.5773017406463623 0.3349793255329132
