2.955085515975952 1.958495020866394
2.8378145694732666 1.895538091659546
5.055716037750244 2.8839828968048096
4.704055309295654 3.318722724914551
10.866918563842773 7.045352935791016
14.551985740661621 9.88448429107666
33.90839767456055 10.382610321044922
33.92613220214844 27.421749114990234
3.7515385150909424 1.926927924156189
15.415287971496582 9.742082595825195
4.663392066955566 3.386747121810913
3.257251501083374 1.895995855331421
3.6526451110839844 2.0048470497131348
3.264190196990967 1.7631137371063232
3.1175427436828613 1.782741665840149
4.174756050109863 1.775904655456543
3.1852867603302 1.9699004888534546
2.8824994564056396 1.6544787883758545
3.538745880126953 1.6790655851364136
2.8187713623046875 1.6163731813430786
3.432112216949463 2.0082194805145264
6.559119701385498 5.047704219818115
11.360652923583984 8.342400550842285
8.270544052124023 5.443735599517822
20.909801483154297 20.311702728271484
5.072926044464111 2.751854181289673
19.24895668029785 7.149189472198486
7.781134605407715 3.280003786087036
14.497318267822266 11.969014167785645
4.369632244110107 2.5618832111358643
5.286397457122803 3.8222761154174805
4.388677597045898 2.800224542617798
7.958715915679932 5.107264518737793
2.8855667114257812 1.869247317314148
3.605123281478882 2.52624249458313
9.929670333862305 6.677824020385742
2.486292839050293 1.595452904701233
3.5939223766326904 2.4468042850494385
3.1843316555023193 1.4588556289672852
7.6775336265563965 3.8232977390289307
5.659829139709473 4.675270080566406
2.658780574798584 1.4591562747955322
7.718506336212158 7.013922691345215
2.6881930828094482 1.2315623760223389
5.465222358703613 4.2659010887146
2.6993603706359863 1.4744148254394531
4.363644123077393 3.383598566055298
2.5524187088012695 1.5407023429870605
7.675260066986084 3.2773525714874268
2.1956207752227783 1.4709177017211914
2.789483070373535 1.0603753328323364
4.762753486633301 1.2204174995422363
1.5895907878875732 0.789537787437439
1.5739550590515137 0.5465929508209229
2.613746404647827 0.699207603931427
1.5712194442749023 0.5544888973236084
6.222067356109619 3.7857704162597656
2.2389955520629883 1.1442339420318604
1.6772128343582153 0.630580484867096
1.705602765083313 0.5936039090156555
3.315894603729248 1.6641632318496704
1.6903798580169678 0.5010714530944824
2.263183116912842 0.4343818724155426
1.090770959854126 0.5701561570167542
1.2167911529541016 0.412065714597702
1.77167809009552 0.593582808971405
1.4427859783172607 0.3569556176662445
3.022535800933838 0.5279382467269897
1.6913816928863525 1.0312926769256592
1.4439163208007812 0.41039592027664185
1.991073489189148 0.3166733980178833
4.594755172729492 0.7972671985626221
2.604731559753418 1.3965712785720825
1.3861925601959229 0.3841647803783417
1.6959900856018066 0.8736299276351929
2.116787910461426 0.6263799071311951
2.0343070030212402 1.1162638664245605
1.912302851676941 0.6044671535491943
1.9463257789611816 1.0023133754730225
1.8834995031356812 0.9461217522621155
1.4905924797058105 0.49026060104370117
2.1840310096740723 1.1915383338928223
1.3042454719543457 0.49625200033187866
1.2178258895874023 0.2998066842556
3.307770252227783 1.1151984930038452
2.786165714263916 1.172877311706543
1.0608551502227783 0.44350430369377136
2.296246290206909 1.2077336311340332
1.2128196954727173 0.4340236783027649
2.354113817214966 0.9985361695289612
1.185915231704712 0.4332813620567322
1.8823343515396118 0.8317063450813293
1.266054630279541 0.40439796447753906
1.0818967819213867 0.38102567195892334
1.3223133087158203 0.25346386432647705
2.795429229736328 0.6632680892944336
1.1630405187606812 0.7109755277633667
1.336928129196167 0.322062224149704
2.576077699661255 1.1140661239624023
1.1020786762237549 0.27969080209732056
