1.90425705909729 1.4182575941085815
2.298973321914673 1.7247341871261597
3.6198654174804688 2.5937142372131348
6.746786117553711 3.8490233421325684
8.193879127502441 5.534986972808838
23.231143951416016 15.26481819152832
33.75809097290039 15.686707496643066
39.24558639526367 37.02715301513672
2.7923004627227783 2.12143874168396
13.704243659973145 11.84815502166748
1.9329392910003662 1.4424543380737305
2.3768792152404785 1.6509120464324951
2.449075222015381 1.511500597000122
1.86115300655365 1.3709622621536255
1.862375259399414 1.160895586013794
2.439897060394287 1.7107605934143066
3.3763821125030518 1.7331897020339966
2.4642539024353027 1.6823443174362183
2.586054563522339 1.5846081972122192
3.445556163787842 1.7818453311920166
2.329306125640869 1.6144222021102905
8.823589324951172 6.074921607971191
8.69048023223877 4.708797931671143
6.4271626472473145 4.751134872436523
8.862166404724121 6.141542911529541
2.8932266235351562 1.500725507736206
6.221459865570068 5.53079891204834
14.864209175109863 12.575510025024414
2.4678568840026855 1.5872148275375366
8.892766952514648 6.137729167938232
2.456925392150879 2.1488351821899414
11.548653602600098 8.00316333770752
2.2598395347595215 1.5520961284637451
12.982012748718262 7.879157543182373
2.94795298576355 1.5122054815292358
6.350461006164551 5.160139560699463
2.998197078704834 1.8162083625793457
3.3312525749206543 1.6149687767028809
3.968357801437378 2.4336652755737305
1.7070062160491943 1.3571844100952148
2.0078365802764893 0.9787060618400574
3.8014168739318848 1.7837374210357666
2.6806986331939697 2.0260703563690186
2.022372245788574 1.2566651105880737
1.4475715160369873 0.6892068982124329
2.990852117538452 0.7244214415550232
1.1981465816497803 0.6094083189964294
2.4713149070739746 0.6007614135742188
0.9789540767669678 0.4303068518638611
1.1221853494644165 0.2587212026119232
1.5456898212432861 0.46835729479789734
1.0727144479751587 0.4116501808166504
1.0087884664535522 0.26035329699516296
2.239647388458252 1.6271905899047852
1.799509882926941 0.8842592835426331
1.702901005744934 0.3693595230579376
3.7669007778167725 2.649327516555786
1.2927261590957642 0.751427948474884
1.2631124258041382 0.3497207462787628
3.0554468631744385 1.846714973449707
1.2571227550506592 0.7664470076560974
2.9738686084747314 1.743869662284851
1.516150712966919 0.7692232131958008
0.7728828191757202 0.3271216154098511
2.9478023052215576 2.463181495666504
1.4372475147247314 0.6433606743812561
0.9854910373687744 0.3937760591506958
1.140942096710205 0.49508580565452576
1.6151103973388672 0.4259081482887268
1.2052586078643799 0.5005422830581665
0.9704320430755615 0.336281418800354
2.1569838523864746 0.7325448989868164
1.5624415874481201 0.7956838607788086
1.2596293687820435 0.8990725874900818
1.0967836380004883 0.4195370674133301
1.9527417421340942 0.9449396133422852
0.9316978454589844 0.387660413980484
1.3616303205490112 0.6022557020187378
1.7051490545272827 0.8615288138389587
0.8463820219039917 0.3762094974517822
1.4734195470809937 0.6129094958305359
1.2435376644134521 0.651485025882721
2.3300623893737793 0.5140199065208435
2.4644079208374023 0.8686230182647705
0.768058180809021 0.32144784927368164
1.61171555519104 0.8586599826812744
0.938706636428833 0.31985971331596375
1.302717924118042 0.7421492338180542
0.9855964183807373 0.32106220722198486
1.4817748069763184 0.6794544458389282
0.9241468906402588 0.3267676532268524
3.192938804626465 0.22959007322788239
9.620530128479004 0.5298700332641602
1.681909441947937 0.6012840867042542
1.2736619710922241 0.29006943106651306
1.2584679126739502 0.6509785056114197
0.9113311767578125 0.2808493375778198
0.8128492832183838 0.21018846333026886
1.138559103012085 0.4519270360469818
1.3863829374313354 0.26928648352622986
