3.2807059288024902 2.0949618816375732
3.354964256286621 2.0674169063568115
3.6504364013671875 2.7062549591064453
9.508613586425781 7.178706169128418
13.350030899047852 11.85048770904541
22.159242630004883 13.228917121887207
29.602174758911133 18.76833724975586
48.3536262512207 43.67424774169922
4.463198184967041 2.81441330909729
14.480935096740723 11.685399055480957
4.481363296508789 3.3587775230407715
3.2464253902435303 2.061622142791748
3.7752466201782227 2.066617727279663
4.035105228424072 2.352670431137085
3.806652069091797 2.313560962677002
4.699261665344238 2.3258278369903564
4.372031211853027 2.331808090209961
4.324572563171387 2.705030918121338
3.526096820831299 2.519698143005371
3.4126765727996826 2.413912773132324
4.119956970214844 2.587329387664795
10.289694786071777 6.952351093292236
8.590104103088379 5.224187850952148
15.994400978088379 9.947640419006348
13.720297813415527 8.890910148620605
10.9310884475708 7.688418865203857
18.361743927001953 10.745441436767578
6.237101078033447 3.5176210403442383
13.19937515258789 11.779654502868652
5.987814903259277 3.2640252113342285
14.264911651611328 11.627832412719727
4.861502647399902 2.858361005783081
6.693664073944092 3.3386118412017822
15.871564865112305 13.315791130065918
4.37688684463501 2.399829626083374
8.149492263793945 5.351931571960449
4.642531871795654 2.6930720806121826
7.1623053550720215 4.72420072555542
3.9003829956054688 2.153717279434204
3.0647192001342773 1.3448381423950195
3.980747938156128 1.6982208490371704
9.282136917114258 7.060373783111572
3.7873616218566895 1.7137755155563354
5.420873165130615 4.542937755584717
3.9698402881622314 2.087066650390625
6.193179130554199 4.797996520996094
3.4769766330718994 1.9183168411254883
2.4849343299865723 1.2616089582443237
2.392866611480713 0.9297998547554016
6.085063934326172 2.674619197845459
2.9719910621643066 1.3113048076629639
4.037898063659668 2.3552896976470947
3.419691562652588 2.5057663917541504
3.3894195556640625 1.1445767879486084
3.677354574203491 0.9841689467430115
5.935930252075195 2.293936014175415
4.109623908996582 1.040852427482605
6.221229076385498 4.183294773101807
3.2215471267700195 1.5298137664794922
4.641774654388428 2.184706211090088
2.9083847999572754 0.8984835743904114
3.387608528137207 0.6218931674957275
3.1616225242614746 0.9160833954811096
2.604727029800415 0.8018845319747925
2.7848868370056152 0.7360549569129944
3.065735340118408 1.7586344480514526
3.0974955558776855 1.5055694580078125
2.9118263721466064 1.1852221488952637
2.680931329727173 0.5929887294769287
3.537780284881592 0.6725662350654602
2.3740103244781494 0.9267657399177551
2.71561861038208 0.4789772033691406
4.033715724945068 0.6938562393188477
2.5110580921173096 0.4261026680469513
3.977299690246582 0.7747296094894409
3.126694917678833 0.4524747431278229
2.820565700531006 0.6235741376876831
5.018104553222656 1.1798468828201294
3.0378217697143555 1.081722617149353
2.494128704071045 0.2871050536632538
3.4523229598999023 0.6110232472419739
4.134798526763916 1.068620204925537
3.150763511657715 0.7890956997871399
3.4192214012145996 0.1658724695444107
5.839569091796875 0.34895211458206177
3.79386043548584 0.7751664519309998
3.1870713233947754 1.438482403755188
3.336195468902588 0.5798276662826538
3.609828233718872 0.5430374145507812
3.8534746170043945 1.1478134393692017
2.5481903553009033 0.5800609588623047
3.1019959449768066 1.0930101871490479
3.0262339115142822 0.5732243061065674
2.611860752105713 0.37067434191703796
3.046675682067871 0.5333195924758911
4.257265090942383 1.070920705795288
2.194077968597412 0.48621994256973267
3.995845317840576 0.8612962365150452
3.8787178993225098 0.3526970148086548
2.377103805541992 0.8295170068740845
