2.561682939529419 1.0766099691390991
2.8343071937561035 1.3408548831939697
3.884883403778076 1.6270883083343506
6.311000347137451 4.104571342468262
7.375981330871582 5.246131896972656
21.127641677856445 12.393986701965332
31.86647605895996 13.322463989257812
41.176055908203125 37.06504440307617
3.207568645477295 1.4298079013824463
14.644372940063477 10.72062873840332
2.846348762512207 1.192947506904602
3.3673226833343506 1.2854199409484863
2.4092447757720947 1.0480542182922363
3.35964035987854 1.0895497798919678
2.8119945526123047 0.7915358543395996
4.186936378479004 1.262657880783081
2.9849863052368164 1.2426183223724365
3.1338248252868652 1.3343558311462402
2.9417457580566406 1.3034518957138062
2.989414930343628 1.2317698001861572
2.6960344314575195 1.0255812406539917
7.642021179199219 4.769943714141846
11.43643569946289 6.52391242980957
13.876206398010254 8.39538860321045
12.199193000793457 9.530134201049805
4.397198677062988 2.5249011516571045
16.55018424987793 9.991573333740234
4.79645299911499 2.125364303588867
14.888710975646973 6.703609943389893
4.113974094390869 1.8667951822280884
17.04684066772461 12.911744117736816
2.451380968093872 1.1964547634124756
8.219473838806152 6.1778106689453125
3.5731515884399414 1.6419012546539307
7.788915634155273 4.141729354858398
3.143432378768921 1.757749080657959
5.822290897369385 3.837458848953247
2.681142807006836 1.083199381828308
6.32839298248291 3.940300464630127
2.777956485748291 0.9301014542579651
6.052294731140137 2.955631732940674
2.57424259185791 0.9612703323364258
3.9976043701171875 1.670893907546997
2.8912863731384277 1.0460478067398071
4.00176477432251 2.467090368270874
2.638235569000244 0.9700534343719482
4.493588447570801 2.0260684490203857
2.6982667446136475 1.0465160608291626
1.9937293529510498 0.5379090905189514
2.083189010620117 0.478579580783844
2.1188981533050537 0.4376952350139618
2.304877758026123 0.2734565734863281
2.2101845741271973 0.5352146625518799
2.8576550483703613 0.3537569046020508
1.7613885402679443 0.2720564901828766
2.123906135559082 0.18136224150657654
1.3597155809402466 0.2978758215904236
2.409123659133911 0.3197218179702759
2.3701353073120117 0.3388599753379822
5.479707717895508 3.0127315521240234
1.7185337543487549 0.4604669213294983
2.144566535949707 0.6661825180053711
1.2354446649551392 0.21340125799179077
2.169095993041992 0.7152798175811768
1.6655280590057373 0.26184695959091187
2.1721670627593994 0.23596274852752686
1.836301326751709 0.3239235579967499
1.5402354001998901 0.5733309984207153
2.381957530975342 0.5371838212013245
1.732787013053894 0.2923191785812378
2.0238914489746094 0.33592450618743896
1.8581969738006592 0.6806516051292419
2.1554393768310547 0.6391494870185852
2.2937350273132324 0.8708535432815552
1.627426028251648 0.2851288616657257
2.573498010635376 0.7820309996604919
1.4865968227386475 0.2833631634712219
1.5633325576782227 0.38675445318222046
2.721799850463867 0.7090403437614441
1.5669007301330566 0.2705425024032593
2.189371109008789 0.34437501430511475
2.121027708053589 0.5547777414321899
1.7395154237747192 0.24054351449012756
1.9311275482177734 0.20476798713207245
2.3221001625061035 0.6145907640457153
1.5980629920959473 0.20021919906139374
1.937469720840454 0.22306403517723083
2.0320956707000732 0.3513709604740143
1.7323124408721924 0.2997373640537262
1.4805734157562256 0.4127970337867737
1.6557154655456543 0.16627207398414612
1.591009497642517 0.6002797484397888
1.69505774974823 0.14338921010494232
1.9760035276412964 0.2100626528263092
2.015066146850586 0.5556410551071167
1.570275902748108 0.14633871614933014
1.8410675525665283 0.320019394159317
1.5237764120101929 0.1675146073102951
1.9484195709228516 0.12930886447429657
4.040036678314209 0.3703358471393585
