22.257631301879883 8.73442268371582
21.885723114013672 6.665045261383057
25.12166976928711 10.830737113952637
27.31320571899414 9.949914932250977
12.386957168579102 6.022729873657227
28.121593475341797 10.940505981445312
23.203733444213867 8.753188133239746
14.965028762817383 7.309159755706787
20.741622924804688 14.466584205627441
19.453535079956055 8.709806442260742
17.118057250976562 4.91764497756958
20.58820915222168 12.211751937866211
10.457883834838867 7.485650539398193
20.83833122253418 17.343929290771484
17.95431900024414 8.868207931518555
18.807510375976562 14.873851776123047
22.70288848876953 13.888551712036133
26.97916603088379 7.6649065017700195
17.643848419189453 4.440607070922852
19.440719604492188 5.821274757385254
21.719913482666016 10.964146614074707
20.660572052001953 11.386449813842773
26.306373596191406 12.503568649291992
21.17650032043457 2.6433041095733643
26.10858917236328 7.146910667419434
15.988983154296875 5.607487201690674
16.740528106689453 5.100196838378906
36.31293487548828 16.465280532836914
21.8524169921875 8.468005180358887
21.53057861328125 8.117631912231445
14.717792510986328 4.127664566040039
14.174928665161133 5.578729152679443
9.192181587219238 3.0481443405151367
18.622577667236328 5.740278244018555
27.764114379882812 10.253032684326172
27.852500915527344 12.469781875610352
11.591760635375977 4.680075168609619
16.891809463500977 3.1985037326812744
25.946388244628906 11.582200050354004
29.46066665649414 8.359530448913574
28.6439266204834 12.996113777160645
12.88239860534668 3.638850212097168
19.59513282775879 8.719983100891113
13.746007919311523 2.7318947315216064
15.624654769897461 5.543478488922119
19.840614318847656 4.863833904266357
14.587520599365234 5.1546478271484375
17.983076095581055 8.892437934875488
19.20661163330078 8.684026718139648
20.67380714416504 3.238821268081665
19.349273681640625 4.726668834686279
14.928465843200684 5.1153740882873535
16.569690704345703 6.0767107009887695
11.872270584106445 4.827586650848389
24.497695922851562 9.449238777160645
18.74212646484375 7.963780403137207
14.189702987670898 4.029726028442383
22.50957489013672 6.123327255249023
22.524391174316406 5.000145435333252
21.909547805786133 5.665641784667969
24.649532318115234 5.172208309173584
22.190553665161133 6.581507205963135
27.30422019958496 4.928663730621338
32.59464645385742 7.60684061050415
30.539037704467773 7.764742851257324
22.13472557067871 4.3945207595825195
23.920759201049805 2.1088473796844482
17.73797607421875 3.517655611038208
21.64467430114746 5.565464973449707
34.73131561279297 13.540060997009277
31.049339294433594 7.166848659515381
15.10806941986084 4.396425724029541
21.447101593017578 6.03449821472168
30.460548400878906 4.52877140045166
12.404071807861328 2.990790843963623
17.102346420288086 3.281911849975586
23.832862854003906 2.7238337993621826
25.012374877929688 10.012454986572266
18.740798950195312 5.039030075073242
20.340194702148438 4.74963903427124
16.009998321533203 2.442254066467285
51.90134048461914 6.717514991760254
16.19680404663086 2.533453941345215
25.187854766845703 7.666754722595215
16.478797912597656 5.955643653869629
13.97020149230957 1.5183565616607666
29.639442443847656 4.929806709289551
16.332603454589844 2.0793590545654297
16.984262466430664 1.6424764394760132
21.50366973876953 6.49053430557251
23.127891540527344 2.5245440006256104
26.739057540893555 12.029974937438965
20.969165802001953 5.2462568283081055
20.24167251586914 3.6985960006713867
23.74437713623047 6.4466118812561035
18.775869369506836 3.6673145294189453
22.003952026367188 5.099686622619629
20.587886810302734 2.2597882747650146
17.87624740600586 2.2613439559936523
14.39809513092041 5.524120330810547
