20.148452758789062 7.781409740447998
17.19575309753418 11.16542911529541
13.944376945495605 7.769339084625244
17.56653594970703 4.794747829437256
24.509841918945312 12.9172945022583
9.967631340026855 5.260153770446777
15.265247344970703 3.3586103916168213
11.388126373291016 4.809637069702148
23.54338836669922 8.685381889343262
15.650365829467773 5.287413120269775
9.121171951293945 3.686720848083496
13.385303497314453 8.69011116027832
17.28213119506836 5.734008312225342
22.138874053955078 2.4595537185668945
23.642860412597656 10.796860694885254
19.601808547973633 7.917412281036377
35.690025329589844 6.981017112731934
33.06641387939453 9.38867473602295
14.475544929504395 7.181492805480957
21.592853546142578 5.4981818199157715
20.99381446838379 3.510183095932007
21.034286499023438 7.690367698669434
13.457368850708008 5.86716890335083
16.273895263671875 6.228694438934326
36.34096908569336 17.910776138305664
25.371543884277344 6.558158874511719
27.20126724243164 2.9945995807647705
16.552682876586914 5.429676055908203
37.89169692993164 4.518250465393066
29.12287139892578 11.53781795501709
24.752635955810547 4.500983715057373
27.13843536376953 4.977636814117432
13.763671875 5.445824146270752
39.15178680419922 10.307516098022461
27.738840103149414 8.770617485046387
35.428123474121094 10.235897064208984
39.13368225097656 8.934988021850586
40.895259857177734 8.817495346069336
31.830455780029297 2.0040950775146484
17.75029754638672 5.848454475402832
21.54776954650879 8.761894226074219
28.796775817871094 4.014195442199707
38.86638259887695 7.223900318145752
24.998207092285156 6.760451793670654
27.770633697509766 6.5674567222595215
31.946531295776367 10.367932319641113
26.691606521606445 9.337349891662598
41.19409942626953 5.402802467346191
27.243160247802734 2.7844960689544678
40.25943374633789 10.020705223083496
33.87001037597656 6.00602912902832
46.150081634521484 4.3785481452941895
35.409000396728516 10.479249954223633
27.795284271240234 5.8538737297058105
30.202774047851562 4.010992527008057
27.727798461914062 2.7630579471588135
31.916446685791016 9.000081062316895
31.372831344604492 7.5031609535217285
28.534236907958984 3.7328577041625977
27.499910354614258 5.141227722167969
41.16007614135742 9.705137252807617
25.13220977783203 4.6274733543396
16.2081241607666 4.206335067749023
31.06873321533203 5.06195068359375
34.35404586791992 3.4814705848693848
38.24072265625 7.698460578918457
27.346149444580078 7.170956134796143
32.66459274291992 5.57656717300415
37.70964813232422 11.377753257751465
26.178993225097656 9.137189865112305
30.46788215637207 2.9141006469726562
38.55170440673828 12.944984436035156
28.39965057373047 4.873961448669434
47.98707580566406 6.449090003967285
32.239376068115234 3.3524725437164307
37.416839599609375 13.66320514678955
28.469884872436523 4.281373023986816
31.769729614257812 13.182721138000488
24.611305236816406 5.32140588760376
47.2039794921875 5.642217636108398
23.81711769104004 1.7768003940582275
41.286842346191406 4.3945112228393555
43.23796844482422 4.9734272956848145
46.67149353027344 5.869492530822754
47.72380828857422 4.231631278991699
34.18937301635742 6.379851341247559
23.075191497802734 2.471994638442993
39.26752471923828 6.402271747589111
32.7630500793457 5.212204933166504
29.20392417907715 2.2264368534088135
36.766902923583984 6.519394397735596
26.098560333251953 2.3040096759796143
35.3546142578125 9.13646125793457
45.08014678955078 5.750589847564697
38.72624588012695 2.7722277641296387
27.555097579956055 4.150417327880859
33.13216018676758 4.320558071136475
18.107892990112305 2.7772834300994873
42.322547912597656 7.558130264282227
29.330745697021484 2.602020263671875
