32.965354919433594 15.922140121459961
9.84162712097168 3.2540838718414307
18.77088165283203 8.798324584960938
28.459346771240234 10.571920394897461
18.770816802978516 5.7204909324646
12.695817947387695 7.629878044128418
21.940174102783203 12.19714641571045
10.21019172668457 2.786412239074707
11.512616157531738 4.17536735534668
17.62201499938965 9.29606819152832
13.986604690551758 7.685658931732178
19.56106948852539 9.416693687438965
24.671663284301758 6.683818340301514
20.153545379638672 8.750277519226074
12.911423683166504 3.0902934074401855
17.512222290039062 2.4501023292541504
18.71417808532715 8.704806327819824
18.97486114501953 6.753054618835449
23.51198959350586 16.254562377929688
17.01437759399414 7.755902290344238
14.025680541992188 4.809578895568848
13.783502578735352 9.304673194885254
15.347046852111816 3.249375343322754
17.129119873046875 8.407525062561035
15.7704496383667 6.558238506317139
25.359844207763672 4.8535566329956055
24.342308044433594 7.659183502197266
30.813186645507812 10.870423316955566
18.744911193847656 6.154850959777832
21.063617706298828 7.618993759155273
18.784931182861328 10.583895683288574
20.49595832824707 11.834785461425781
35.23893356323242 9.544173240661621
16.94727325439453 9.372411727905273
13.178805351257324 4.9599809646606445
12.36124038696289 1.6702766418457031
25.557697296142578 2.9073917865753174
7.669933319091797 1.9234517812728882
24.841272354125977 5.9755377769470215
21.377269744873047 5.491332054138184
21.907194137573242 4.359227657318115
25.393470764160156 4.023082733154297
16.254310607910156 7.418087005615234
19.395723342895508 2.6037349700927734
15.589675903320312 5.506657600402832
20.73969268798828 4.871394634246826
15.685676574707031 3.4594695568084717
28.690982818603516 7.511890888214111
15.270479202270508 4.883662700653076
41.90682601928711 4.853431224822998
21.043445587158203 4.381885051727295
8.381149291992188 2.308023452758789
13.084592819213867 2.6920106410980225
13.395621299743652 2.2374281883239746
29.594669342041016 11.490757942199707
14.660985946655273 4.476357936859131
18.33363914489746 4.584486961364746
17.71788787841797 3.9292471408843994
17.178470611572266 5.6645684242248535
14.433359146118164 2.4790775775909424
26.712940216064453 3.4312922954559326
19.058353424072266 3.846238851547241
19.846206665039062 10.27090835571289
15.701559066772461 5.647069454193115
12.724966049194336 3.5682480335235596
11.270889282226562 4.528905391693115
17.122426986694336 6.403026103973389
16.3114013671875 4.699305534362793
12.561777114868164 5.35001802444458
19.15300941467285 1.0668399333953857
20.65692138671875 4.953860759735107
15.015509605407715 3.1711153984069824
8.141658782958984 1.979892611503601
14.649323463439941 3.2873010635375977
29.327960968017578 4.400347709655762
20.343265533447266 6.099825382232666
22.118988037109375 5.970418453216553
23.680509567260742 2.7800209522247314
15.464071273803711 3.101567268371582
13.895137786865234 4.252430438995361
23.119876861572266 4.016491413116455
28.261844635009766 5.063085556030273
25.252473831176758 2.857008457183838
22.024139404296875 3.769254446029663
18.990814208984375 4.653120517730713
7.820741653442383 3.154954195022583
15.485496520996094 4.414365768432617
16.944908142089844 2.6273458003997803
12.01133918762207 3.522360324859619
9.918537139892578 3.005481719970703
11.934300422668457 1.1853504180908203
25.786020278930664 8.554661750793457
14.928150177001953 3.55993390083313
25.15618896484375 5.219702243804932
22.734777450561523 2.402193546295166
24.910499572753906 5.661178112030029
16.16476821899414 2.4788150787353516
15.431988716125488 3.4723503589630127
16.52861785888672 1.9889031648635864
17.348896026611328 2.576198101043701
