28.714719772338867 4.451221466064453
17.114253997802734 10.412862777709961
22.987089157104492 9.561138153076172
20.957609176635742 8.780131340026855
16.78888702392578 5.633263111114502
14.226847648620605 7.238670349121094
16.076431274414062 8.838226318359375
16.674264907836914 6.215343952178955
19.25476837158203 3.0867927074432373
12.21602725982666 3.6976704597473145
36.48857879638672 24.11688232421875
12.477487564086914 7.516262531280518
11.087394714355469 4.6471076011657715
21.454309463500977 10.955000877380371
19.748598098754883 8.331757545471191
15.680907249450684 6.75086784362793
26.82064437866211 8.662395477294922
8.477508544921875 3.566423177719116
19.84124755859375 2.3082945346832275
20.078514099121094 7.801450252532959
20.59769630432129 12.333755493164062
15.211751937866211 7.082944869995117
18.288057327270508 5.269496440887451
26.75546646118164 5.299066066741943
17.278173446655273 5.431864261627197
18.38428497314453 6.298415660858154
20.558204650878906 4.713257312774658
27.954601287841797 6.832879066467285
11.80359935760498 3.8989245891571045
23.998279571533203 11.067574501037598
16.827381134033203 8.7222261428833
29.059852600097656 6.113373756408691
17.051265716552734 5.029908657073975
24.166780471801758 9.131073951721191
21.557859420776367 5.282623291015625
29.31189727783203 10.425793647766113
35.770347595214844 7.007828235626221
13.032050132751465 1.3743797540664673
9.85487174987793 4.394655227661133
16.88326644897461 4.966803073883057
34.97892761230469 12.428975105285645
15.449304580688477 4.393074989318848
33.89957809448242 7.545106887817383
20.935462951660156 5.608051776885986
22.528820037841797 8.35875415802002
15.932119369506836 9.290135383605957
19.97618865966797 9.366253852844238
31.28746795654297 8.510457038879395
19.111997604370117 9.382501602172852
14.552536010742188 3.5312538146972656
19.46421241760254 7.336456298828125
11.137062072753906 4.24163818359375
17.71637725830078 3.9054479598999023
18.74527931213379 1.753658413887024
12.119763374328613 3.1961560249328613
19.1306095123291 4.507064342498779
17.15193748474121 4.722250461578369
20.109718322753906 7.814934253692627
27.27292251586914 2.7355518341064453
11.688177108764648 3.5452568531036377
24.53390884399414 3.486544132232666
23.678987503051758 5.347988128662109
20.430315017700195 4.7632927894592285
13.656454086303711 3.5176920890808105
17.53995132446289 6.037155628204346
27.375221252441406 2.6519460678100586
21.392253875732422 2.2591745853424072
33.022727966308594 6.654941558837891
14.952303886413574 2.5409469604492188
17.61387062072754 4.295874118804932
16.124290466308594 6.7675347328186035
24.062862396240234 3.7751638889312744
23.561847686767578 6.258785247802734
15.257083892822266 6.496903419494629
32.931373596191406 6.4620442390441895
22.322694778442383 4.856657981872559
25.726764678955078 3.4118776321411133
17.906831741333008 1.9113174676895142
21.08578872680664 1.5324506759643555
27.823043823242188 4.2889790534973145
21.367965698242188 3.4903228282928467
15.137971878051758 3.4085793495178223
24.220985412597656 5.112679481506348
31.53720474243164 6.148780345916748
23.170072555541992 4.6344895362854
21.380077362060547 4.051276683807373
26.133541107177734 3.3551299571990967
19.629032135009766 4.779653549194336
20.26586151123047 1.4061070680618286
32.15761184692383 3.532670021057129
17.390216827392578 3.9357750415802
32.04100799560547 3.8134045600891113
16.140336990356445 2.7867400646209717
24.786815643310547 3.6929891109466553
31.29781723022461 7.216425895690918
19.229475021362305 3.5360958576202393
11.98271656036377 3.283985137939453
15.530427932739258 1.2469723224639893
14.488546371459961 4.467881202697754
22.07888412475586 3.5574278831481934
