37.639427185058594 23.69626235961914
19.510826110839844 3.4056670665740967
20.074974060058594 6.383068084716797
20.344032287597656 9.418169021606445
35.41646194458008 13.13209056854248
12.03933334350586 3.2663426399230957
16.21441650390625 1.4499765634536743
21.09718132019043 7.279841423034668
20.994915008544922 7.792120933532715
11.656340599060059 3.8620572090148926
17.04209327697754 7.490197658538818
16.922080993652344 5.992292404174805
18.320213317871094 3.5872271060943604
13.43313217163086 1.6908025741577148
16.234928131103516 7.8052659034729
21.80643081665039 9.403924942016602
17.721012115478516 4.4932355880737305
26.450979232788086 14.350793838500977
9.70711612701416 1.443985939025879
15.75195026397705 3.171226739883423
18.05310821533203 6.1036458015441895
16.611101150512695 5.641660213470459
19.37151336669922 6.137004852294922
13.254813194274902 9.307701110839844
21.326148986816406 4.723267078399658
14.187658309936523 5.654909133911133
21.44434928894043 4.448451042175293
19.19351577758789 6.022710800170898
18.262434005737305 4.648453712463379
18.385936737060547 3.1969902515411377
13.878440856933594 5.2096428871154785
27.819473266601562 4.422856330871582
17.070343017578125 5.365441799163818
18.137296676635742 4.705079078674316
29.608665466308594 2.4212796688079834
24.590185165405273 2.012697219848633
40.136226654052734 5.805557727813721
22.658435821533203 4.852577209472656
25.58111572265625 11.584587097167969
34.42795944213867 7.39208459854126
19.4439754486084 9.279250144958496
35.87623977661133 6.581096649169922
23.282573699951172 5.576687335968018
26.028825759887695 3.77435564994812
35.3835334777832 7.351115703582764
19.725101470947266 5.062967300415039
19.757362365722656 4.199360370635986
21.956802368164062 4.249821662902832
35.1143913269043 5.228623390197754
24.969072341918945 3.5835511684417725
35.100181579589844 4.4275736808776855
24.712276458740234 3.5956785678863525
19.315168380737305 2.8239126205444336
12.370702743530273 2.2599754333496094
30.036182403564453 2.5105648040771484
32.129634857177734 6.179691791534424
27.19355010986328 4.683145046234131
25.454132080078125 3.727098226547241
22.920001983642578 6.717562198638916
27.014528274536133 2.460641384124756
26.314979553222656 3.747465133666992
19.03089141845703 1.9677419662475586
29.634769439697266 3.8480913639068604
26.88056755065918 3.4751455783843994
15.154852867126465 3.9568588733673096
19.123743057250977 5.684041500091553
17.359472274780273 2.6769278049468994
20.70880889892578 5.083768367767334
26.782363891601562 5.912402629852295
19.694522857666016 7.162620544433594
19.739376068115234 3.460064172744751
21.30663299560547 2.157554864883423
24.596580505371094 6.413218021392822
13.588626861572266 3.920605182647705
20.348331451416016 4.551564693450928
18.088485717773438 1.948826551437378
17.875640869140625 5.613893032073975
19.57094383239746 4.693068027496338
21.892696380615234 7.0341315269470215
28.690776824951172 5.947159767150879
23.946083068847656 7.942985534667969
26.74837875366211 4.706255912780762
26.191667556762695 2.7871506214141846
26.333587646484375 3.4378418922424316
24.77689552307129 2.6270134449005127
15.540590286254883 4.06414270401001
23.463760375976562 5.887392044067383
20.182466506958008 3.3754756450653076
35.29961395263672 3.8894195556640625
27.344623565673828 6.516351699829102
14.559234619140625 6.253161430358887
25.1430606842041 3.4981136322021484
13.105481147766113 4.942709445953369
13.397665977478027 3.0349769592285156
27.64659881591797 4.799317359924316
35.95228576660156 3.147911548614502
29.29087257385254 3.480653762817383
32.58088684082031 7.852034568786621
19.432308197021484 5.125488758087158
31.492870330810547 6.148263454437256
