0.0018781201215460896 0.007294436916708946
0.0018781201215460896 0.007294436916708946
0.0018781201215460896 0.007294436916708946
0.0018781214021146297 0.007294436916708946
0.001878120587207377 0.007294436916708946
0.0018781201215460896 0.007294436916708946
0.0018781201215460896 0.007294436916708946
0.0018781203543767333 0.007294436916708946
0.0018781201215460896 0.007294436916708946
0.0018781193066388369 0.007294436916708946
0.0018781201215460896 0.007294436916708946
0.0018781201215460896 0.007294436916708946
0.0018781201215460896 0.007294436916708946
0.0018781201215460896 0.007294436916708946
0.0018781201215460896 0.007294436916708946
0.0018781201215460896 0.007294436916708946
0.0018781201215460896 0.007294436916708946
0.0018781201215460896 0.007294436916708946
0.0018781201215460896 0.007294436916708946
0.0018781201215460896 0.007294436916708946
0.0018781201215460896 0.007294436916708946
0.0018781201215460896 0.007294436916708946
0.0018781201215460896 0.007294436916708946
0.0018781201215460896 0.007294436916708946
0.0018781201215460896 0.007294436916708946
0.0018781201215460896 0.007294436916708946
0.0018781201215460896 0.007294436916708946
0.0018781201215460896 0.007294436916708946
0.0018781201215460896 0.007294436916708946
0.0018781201215460896 0.007294436916708946
0.0018781201215460896 0.007294436916708946
0.0018781201215460896 0.007294436916708946
0.0018781201215460896 0.007294436916708946
0.0018781201215460896 0.007294436916708946
0.0018781201215460896 0.007294436916708946
0.0018781201215460896 0.007294436916708946
0.0018781201215460896 0.007294436916708946
0.0018781201215460896 0.007294436916708946
0.0018781201215460896 0.007294436916708946
0.0018781201215460896 0.007294436916708946
0.0018781201215460896 0.007294436916708946
0.0018781201215460896 0.007294436916708946
0.0018781201215460896 0.007294436916708946
0.0018781201215460896 0.007294436916708946
0.0018781201215460896 0.007294436916708946
0.0018781201215460896 0.007294436916708946
0.0018781201215460896 0.007294436916708946
0.0018781201215460896 0.007294436916708946
0.0018781201215460896 0.007294436916708946
0.0018781201215460896 0.007294436916708946
0.0018781201215460896 0.007294436916708946
0.0018781201215460896 0.007294436916708946
0.0018781201215460896 0.007294436916708946
0.0018781201215460896 0.007294436916708946
0.0018781201215460896 0.007294436916708946
0.0018781201215460896 0.007294436916708946
0.0018781201215460896 0.007294436916708946
0.0018781201215460896 0.007294436916708946
0.0018781201215460896 0.007294436916708946
0.0018781201215460896 0.007294436916708946
0.0018781201215460896 0.007294436916708946
0.0018781201215460896 0.007294436916708946
0.0018781201215460896 0.007294436916708946
0.0018781201215460896 0.007294436916708946
0.0018781201215460896 0.007294436916708946
0.0018781201215460896 0.007294436916708946
0.0018781201215460896 0.007294436916708946
0.0018781201215460896 0.007294436916708946
0.0018781201215460896 0.007294436916708946
0.0018781201215460896 0.007294436916708946
0.0018781201215460896 0.007294436916708946
0.0018781201215460896 0.007294436916708946
0.0018781201215460896 0.007294436916708946
0.0018781201215460896 0.007294436916708946
0.0018781201215460896 0.007294436916708946
0.0018781201215460896 0.007294436916708946
0.0018781201215460896 0.007294436916708946
0.0018781201215460896 0.007294436916708946
0.0018781201215460896 0.007294436916708946
0.0018781201215460896 0.007294436916708946
0.0018781201215460896 0.007294436916708946
0.0018781201215460896 0.007294436916708946
0.0018781201215460896 0.007294436916708946
0.0018781201215460896 0.007294436916708946
0.0018781201215460896 0.007294436916708946
0.0018781201215460896 0.007294436916708946
0.0018781201215460896 0.007294436916708946
0.0018781201215460896 0.007294436916708946
0.0018781201215460896 0.007294436916708946
0.0018781201215460896 0.007294436916708946
0.0018781201215460896 0.007294436916708946
0.0018781201215460896 0.007294436916708946
0.0018781201215460896 0.007294436916708946
0.0018781201215460896 0.007294436916708946
0.0018781201215460896 0.007294436916708946
0.0018781201215460896 0.007294436916708946
0.0018781201215460896 0.007294436916708946
0.0018781201215460896 0.007294436916708946
0.0018781201215460896 0.007294436916708946
0.0018781201215460896 0.007294436916708946
