0.0014876299537718296 0.027470294386148453
0.0014876294881105423 0.027470281347632408
0.0014876299537718296 0.027470294386148453
0.0014876299537718296 0.027470294386148453
0.0014876299537718296 0.027470294386148453
0.0014876299537718296 0.027470294386148453
0.0014876296045258641 0.02747054398059845
0.0014876299537718296 0.027470294386148453
0.0014876299537718296 0.027470294386148453
0.0014876299537718296 0.027470294386148453
0.0014876299537718296 0.027470294386148453
0.0014876299537718296 0.027470294386148453
0.0014876299537718296 0.027470294386148453
0.0014876299537718296 0.027470294386148453
0.0014876299537718296 0.027470294386148453
0.0014876299537718296 0.027470294386148453
0.0014876299537718296 0.027470294386148453
0.0014876299537718296 0.027470294386148453
0.0014876299537718296 0.027470294386148453
0.0014876299537718296 0.027470294386148453
0.0014876299537718296 0.027470294386148453
0.5569785237312317 2.229688882827759
0.010981932282447815 0.5506631731987
0.001302725519053638 0.001808652188628912
0.001302725519053638 0.001808652188628912
0.001302725519053638 0.001808652188628912
0.001302725519053638 0.001808652188628912
0.0013027256354689598 0.001808652188628912
0.001302725519053638 0.001808652188628912
0.0013027251698076725 0.001808652188628912
0.001302725519053638 0.001808652188628912
0.001302725519053638 0.001808652188628912
0.0013027256354689598 0.001808652188628912
0.001302725519053638 0.001808652188628912
0.001302725519053638 0.001808652188628912
0.001302725519053638 0.001808652188628912
0.001302725519053638 0.001808652188628912
0.001302725519053638 0.001808652188628912
0.001302725519053638 0.001808652188628912
0.001302725519053638 0.001808652188628912
0.001302725519053638 0.001808652188628912
0.001302725519053638 0.001808652188628912
0.001302725519053638 0.001808652188628912
0.001302725519053638 0.001808652188628912
0.001302725519053638 0.001808652188628912
0.001302725519053638 0.001808652188628912
0.001302725519053638 0.001808652188628912
0.001302725519053638 0.001808652188628912
0.001302725519053638 0.001808652188628912
0.001302725519053638 0.001808652188628912
0.001302725519053638 0.001808652188628912
0.001302725519053638 0.001808652188628912
0.001302725519053638 0.001808652188628912
0.001302725519053638 0.001808652188628912
0.001302725519053638 0.001808652188628912
0.001302725519053638 0.001808652188628912
0.001302725519053638 0.001808652188628912
0.001302725519053638 0.001808652188628912
0.001302725519053638 0.001808652188628912
0.001302725519053638 0.001808652188628912
0.001302725519053638 0.001808652188628912
0.001302725519053638 0.001808652188628912
0.001302725519053638 0.001808652188628912
0.001302725519053638 0.001808652188628912
0.001302725519053638 0.001808652188628912
0.001302725519053638 0.001808652188628912
0.001302725519053638 0.001808652188628912
0.001302725519053638 0.001808652188628912
0.001302725519053638 0.001808652188628912
0.001302725519053638 0.001808652188628912
0.001302725519053638 0.001808652188628912
0.001302725519053638 0.001808652188628912
0.001302725519053638 0.001808652188628912
0.001302725519053638 0.001808652188628912
0.001302725519053638 0.001808652188628912
0.001302725519053638 0.001808652188628912
0.001302725519053638 0.001808652188628912
0.001302725519053638 0.001808652188628912
0.001302725519053638 0.001808652188628912
0.001302725519053638 0.001808652188628912
0.001302725519053638 0.001808652188628912
0.001302725519053638 0.001808652188628912
0.001302725519053638 0.001808652188628912
0.001302725519053638 0.001808652188628912
0.001302725519053638 0.001808652188628912
0.001302725519053638 0.001808652188628912
0.001302725519053638 0.001808652188628912
0.001302725519053638 0.001808652188628912
0.001302725519053638 0.001808652188628912
0.001302725519053638 0.001808652188628912
0.001302725519053638 0.001808652188628912
0.001302725519053638 0.001808652188628912
0.001302725519053638 0.001808652188628912
0.001302725519053638 0.001808652188628912
0.001302725519053638 0.001808652188628912
0.001302725519053638 0.001808652188628912
0.001302725519053638 0.001808652188628912
0.001302725519053638 0.001808652188628912
0.001302725519053638 0.001808652188628912
0.001302725519053638 0.001808652188628912
