0.0007669621263630688 0.06749037653207779
0.0007669623591937125 0.06750393658876419
0.0007669621263630688 0.06749037653207779
0.0007669621263630688 0.06749037653207779
0.000766962650232017 0.06750540435314178
0.0007669621263630688 0.06749037653207779
0.0007669621845707297 0.06752103567123413
0.0007669621845707297 0.06751132756471634
0.0007669621263630688 0.06749037653207779
0.0007669621263630688 0.06749037653207779
0.0007669621263630688 0.06749037653207779
0.0007669621263630688 0.06749037653207779
0.0007669621263630688 0.06749037653207779
0.0007669621263630688 0.06749037653207779
0.0007669621263630688 0.06749037653207779
0.0007669621263630688 0.06749037653207779
0.0007669621263630688 0.06749037653207779
0.0007669621263630688 0.06749037653207779
0.0007669621263630688 0.06749037653207779
0.0007669621263630688 0.06749037653207779
0.0007669621263630688 0.06749037653207779
0.2444450557231903 125.84414672851562
0.04724215343594551 29.35674285888672
0.010222296230494976 6.048061370849609
0.0026295161806046963 0.9074934720993042
0.0010433188872411847 0.12225152552127838
0.0007457317551597953 0.017830215394496918
0.0007165958522818983 0.024766236543655396
0.0007317240233533084 0.04173210635781288
0.0007467626128345728 0.05350692197680473
0.000756185851059854 0.06021300330758095
0.0007613901980221272 0.06376605480909348
0.0007613901980221272 0.06376605480909348
0.0007613901980221272 0.06376605480909348
0.0007613901980221272 0.06376605480909348
0.0007613906636834145 0.06376595050096512
0.0007613901980221272 0.06376605480909348
0.0007613902562297881 0.06376595050096512
0.0007613901980221272 0.06376605480909348
0.0007613901980221272 0.06376605480909348
0.0007613901980221272 0.06376605480909348
0.0007613901980221272 0.06376605480909348
0.0007613901980221272 0.06376605480909348
0.0007613901980221272 0.06376605480909348
0.0007613901980221272 0.06376605480909348
0.0007613901980221272 0.06376605480909348
0.0007613901980221272 0.06376605480909348
0.0007613901980221272 0.06376605480909348
0.0007613901980221272 0.06376605480909348
0.0007613901980221272 0.06376605480909348
0.0007613901980221272 0.06376605480909348
0.0007613901980221272 0.06376605480909348
0.7349275946617126 111.38135528564453
0.008971701376140118 0.3023245334625244
0.0019208493176847696 0.13826332986354828
0.0009758053347468376 0.08717919141054153
0.0008150635403580964 0.0717298835515976
0.000777909648604691 0.06661847978830338
0.0007670227205380797 0.06481792032718658
0.0007633869536221027 0.06416942924261093
0.0007620995165780187 0.06391727179288864
0.0007616402581334114 0.0638120099902153
0.0007614827482029796 0.06377816200256348
0.0007614827482029796 0.06377816200256348
0.0007614827482029796 0.06377816200256348
0.0007614827482029796 0.06377816200256348
0.0007614827482029796 0.06377816200256348
0.0007614827482029796 0.06377816200256348
0.0007614828646183014 0.06377579271793365
0.0007614827482029796 0.06377816200256348
0.0007614827482029796 0.06377816200256348
0.0007614827482029796 0.06377816200256348
0.0007614827482029796 0.06377816200256348
0.0007614827482029796 0.06377816200256348
0.0007614827482029796 0.06377816200256348
0.0007614827482029796 0.06377816200256348
0.0007614827482029796 0.06377816200256348
0.0007614827482029796 0.06377816200256348
0.0007614827482029796 0.06377816200256348
0.0007614827482029796 0.06377816200256348
0.0007614827482029796 0.06377816200256348
0.0007614827482029796 0.06377816200256348
0.0007614827482029796 0.06377816200256348
0.5965335965156555 92.94021606445312
0.007463766261935234 0.6461156606674194
0.0012359778629615903 0.15567314624786377
0.0008306779200211167 0.08432894200086594
0.0007771122036501765 0.06936585158109665
0.0007657066453248262 0.06538547575473785
0.0007626964943483472 0.06426531076431274
0.0007618328090757132 0.06391175091266632
0.0007615868235006928 0.06381488591432571
0.0007615149370394647 0.06379342824220657
0.0007614911301061511 0.06378474086523056
0.0007614911301061511 0.06378474086523056
0.0007614911301061511 0.06378474086523056
0.0007614911301061511 0.06378474086523056
0.0007614911301061511 0.06378474086523056
0.0007614911301061511 0.06378474086523056
0.0007614911301061511 0.06378474086523056
