0.0014464148553088307 0.0010316016850993037
0.0014464156702160835 0.0010315986583009362
0.0014464148553088307 0.0010316016850993037
0.0014464145060628653 0.0010316866682842374
0.0014464148553088307 0.0010316016850993037
0.0014464148553088307 0.0010316016850993037
0.0014464150881394744 0.0010316016850993037
0.0014464154373854399 0.0010316018015146255
0.0014464148553088307 0.0010316016850993037
0.0014464148553088307 0.0010316016850993037
0.0014464148553088307 0.0010316016850993037
0.0014464148553088307 0.0010316016850993037
0.0014464148553088307 0.0010316016850993037
0.0014464148553088307 0.0010316016850993037
0.0014464148553088307 0.0010316016850993037
0.0014464148553088307 0.0010316016850993037
0.0014464148553088307 0.0010316016850993037
0.0014464148553088307 0.0010316016850993037
0.0014464148553088307 0.0010316016850993037
0.0014464148553088307 0.0010316016850993037
0.0014464148553088307 0.0010316016850993037
0.20539936423301697 0.03556613624095917
0.05334949120879173 0.021026184782385826
0.015167507342994213 0.007314806338399649
0.0053876726888120174 0.002714635571464896
0.0027103861793875694 0.0014436071505770087
0.0019049730617552996 0.0011189832584932446
0.0016327807679772377 0.0010441690683364868
0.00152893690392375 0.001029886188916862
0.001485025160945952 0.0010288143530488014
0.001465062377974391 0.0010295837419107556
0.0014555767411366105 0.0010302573209628463
0.0014555775560438633 0.001030298531986773
0.0014555767411366105 0.0010302573209628463
0.001455576391890645 0.0010303986491635442
0.0014555767411366105 0.0010302573209628463
0.0014555767411366105 0.0010302573209628463
0.0014555769739672542 0.0010303413728252053
0.0014555773232132196 0.0010302573209628463
0.0014555767411366105 0.0010302573209628463
0.0014555767411366105 0.0010302573209628463
0.0014555767411366105 0.0010302573209628463
0.0014555767411366105 0.0010302573209628463
0.0014555767411366105 0.0010302573209628463
0.0014555767411366105 0.0010302573209628463
0.0014555767411366105 0.0010302573209628463
0.0014555767411366105 0.0010302573209628463
0.0014555767411366105 0.0010302573209628463
0.0014555767411366105 0.0010302573209628463
0.0014555767411366105 0.0010302573209628463
0.0014555767411366105 0.0010302573209628463
0.0014555767411366105 0.0010302573209628463
0.161260187625885 0.012547170743346214
0.042131271213293076 0.014828816056251526
0.011959938332438469 0.00608232943341136
0.004291904624551535 0.0015548851806670427
0.0022812699899077415 0.0005702932248823345
0.0017218117136508226 0.0005897930241189897
0.0015521908644586802 0.0007529206341132522
0.0014947913587093353 0.0008762075449340045
0.001472933916375041 0.0009490801603533328
0.0014637082349509 0.0009886863408610225
0.0014595150714740157 0.001009391970001161
0.0014595150714740157 0.001009391970001161
0.0014595150714740157 0.001009391970001161
0.0014595150714740157 0.001009391970001161
0.0014595150714740157 0.001009391970001161
0.0014595150714740157 0.001009391970001161
0.0014595153043046594 0.0010093096643686295
0.0014595156535506248 0.0010093096643686295
0.0014595150714740157 0.001009391970001161
0.0014595150714740157 0.001009391970001161
0.0014595150714740157 0.001009391970001161
0.0014595150714740157 0.001009391970001161
0.0014595150714740157 0.001009391970001161
0.0014595150714740157 0.001009391970001161
0.0014595150714740157 0.001009391970001161
0.0014595150714740157 0.001009391970001161
0.0014595150714740157 0.001009391970001161
0.0014595150714740157 0.001009391970001161
0.0014595150714740157 0.001009391970001161
0.0014595150714740157 0.001009391970001161
0.0014595150714740157 0.001009391970001161
0.7082921862602234 6.987100124359131
0.02760975994169712 0.008959272876381874
0.008455714210867882 0.0005544923478737473
0.0035064048133790493 0.00020249983936082572
0.0021226294338703156 0.0005015492206439376
0.0017008930444717407 0.0007327752537094057
0.0015576693695038557 0.0008654470439068973
0.0015030107460916042 0.0009354677749797702
0.0014799099881201982 0.0009720202069729567
0.001469399081543088 0.0009903953177854419
0.0014643927570432425 0.0009997586021199822
0.0014643927570432425 0.0009997586021199822
0.0014643927570432425 0.0009997586021199822
0.0014643925242125988 0.0009996460285037756
0.0014643927570432425 0.0009997586021199822
0.0014643927570432425 0.0009997586021199822
0.0014643932227045298 0.0009997586021199822
