0.002855990082025528 0.20737183094024658
0.0028559891507029533 0.20737183094024658
0.002855990082025528 0.20737183094024658
0.002855990082025528 0.20737183094024658
0.0028559910133481026 0.2073698490858078
0.002855990082025528 0.20737183094024658
0.002855990082025528 0.2073698490858078
0.002855990082025528 0.20737183094024658
0.0028559891507029533 0.2073674201965332
0.002855990082025528 0.20737183094024658
0.002855990082025528 0.20737183094024658
0.002855990082025528 0.20737183094024658
0.002855990082025528 0.20737183094024658
0.002855990082025528 0.20737183094024658
0.002855990082025528 0.20737183094024658
0.002855990082025528 0.20737183094024658
0.002855990082025528 0.20737183094024658
0.002855990082025528 0.20737183094024658
0.002855990082025528 0.20737183094024658
0.002855990082025528 0.20737183094024658
0.002855990082025528 0.20737183094024658
1.7778652906417847 188.0756378173828
0.20069217681884766 135.0343017578125
0.014330169185996056 33.50250244140625
0.003485032357275486 1.6191033124923706
0.0029569906182587147 0.24539265036582947
0.0028764710295945406 0.11609593033790588
0.0028597391210496426 0.12960657477378845
0.0028560571372509003 0.15574856102466583
0.0028560564387589693 0.15574856102466583
0.0028560571372509003 0.15574856102466583
0.0028560571372509003 0.15574856102466583
0.0028560571372509003 0.15574856102466583
0.0028560571372509003 0.15574856102466583
0.0028560571372509003 0.15574020147323608
0.0028560571372509003 0.15574856102466583
0.0028560571372509003 0.15574856102466583
0.0028560571372509003 0.15574856102466583
0.0028560571372509003 0.15574856102466583
0.0028560571372509003 0.15574856102466583
0.0028560571372509003 0.15574856102466583
0.0028560571372509003 0.15574856102466583
0.0028560571372509003 0.15574856102466583
0.0028560571372509003 0.15574856102466583
0.0028560571372509003 0.15574856102466583
0.0028560571372509003 0.15574856102466583
0.0028560571372509003 0.15574856102466583
0.0028560571372509003 0.15574856102466583
0.0028560571372509003 0.15574856102466583
1.6081032752990723 198.494140625
0.22184354066848755 144.80813598632812
0.021924080327153206 44.00273513793945
0.0045120008289813995 5.4032440185546875
0.003119510132819414 0.6413589715957642
0.002920799423009157 0.17516876757144928
0.002875528996810317 0.11559383571147919
0.002862917259335518 0.1220724955201149
0.002858813153579831 0.13461926579475403
0.002857284154742956 0.14362826943397522
0.0028566448017954826 0.1490505188703537
0.0028566441033035517 0.1490505188703537
0.0028566448017954826 0.1490505188703537
0.0028566448017954826 0.1490505188703537
0.0028566448017954826 0.1490505188703537
0.0028566448017954826 0.1490505188703537
0.0028566448017954826 0.14905093610286713
0.0028566448017954826 0.1490505188703537
0.002856643870472908 0.14905329048633575
0.0028566448017954826 0.1490505188703537
0.0028566448017954826 0.1490505188703537
0.0028566448017954826 0.1490505188703537
0.0028566448017954826 0.1490505188703537
0.0028566448017954826 0.1490505188703537
0.0028566448017954826 0.1490505188703537
0.0028566448017954826 0.1490505188703537
0.0028566448017954826 0.1490505188703537
0.0028566448017954826 0.1490505188703537
0.0028566448017954826 0.1490505188703537
0.0028566448017954826 0.1490505188703537
0.0028566448017954826 0.1490505188703537
0.8405014276504517 34.844173431396484
0.11924196779727936 0.7800616025924683
0.03424584120512009 0.12990063428878784
0.012403213419020176 0.12821966409683228
0.006097127683460712 0.10107708722352982
0.004108752124011517 0.10744388401508331
0.0033967378549277782 0.12204373627901077
0.0031082089990377426 0.13347065448760986
0.002979499753564596 0.14054152369499207
0.0029182848520576954 0.1445317268371582
0.002888028509914875 0.14667914807796478
0.0028880275785923004 0.14667914807796478
0.002888028509914875 0.14667914807796478
0.002888028509914875 0.14667914807796478
0.0028880294412374496 0.14667002856731415
0.002888028509914875 0.14667914807796478
0.002888028509914875 0.14667630195617676
0.002888028509914875 0.14667914807796478
0.002888028509914875 0.14667914807796478
0.002888028509914875 0.14667914807796478
