0.0018781201215460896 0.007294436916708946
0.0021458035334944725 0.02474835328757763
0.003213598858565092 0.0012858922127634287
0.003338312730193138 0.024051934480667114
0.0022610339801758528 0.008625293150544167
0.003616791684180498 0.005188578274101019
0.0018781826365739107 0.007454131729900837
0.002243156312033534 0.007949287071824074
0.003282308578491211 0.009349295869469643
0.0017206111224368215 0.007273352704942226
0.002256429521366954 0.0069670588709414005
0.05751226842403412 0.018752697855234146
0.983357846736908 0.00636101420968771
0.05482778325676918 0.003358694491907954
0.6756478548049927 0.00391983101144433
1.6096223592758179 0.0036501882132142782
0.023940183222293854 0.007294436916708946
0.48121288418769836 0.005828112829476595
0.006278202403336763 0.006980241741985083
0.5343181490898132 0.00575530668720603
0.07288815826177597 0.006179634481668472
0.04518561810255051 0.00024975070846267045
0.10107577592134476 0.0073602222837507725
0.05377550423145294 0.0005115285748615861
0.11783792078495026 0.0017230468802154064
0.07818673551082611 0.00033984563197009265
0.09445182979106903 0.00015380483819171786
0.21289177238941193 0.0013317926786839962
0.11440388858318329 0.00012684801185969263
0.25817033648490906 0.0016265098238363862
0.13823774456977844 9.13374315132387e-05
0.3115946352481842 0.001980102388188243
0.16729946434497833 0.0001808701636036858
0.21652792394161224 0.00044613637146539986
0.24453356862068176 0.0009454151731915772
0.2988886833190918 0.0015416013775393367
0.3587399423122406 0.0026307222433388233
0.9373700022697449 0.01587357558310032
0.32267922163009644 0.0010444183135405183
0.45673689246177673 0.002857494866475463
0.7352238893508911 0.0040849666111171246
0.7493265867233276 0.005839420948177576
0.20432256162166595 0.0014137430116534233
0.5633151531219482 0.005866199266165495
0.03661094978451729 0.0012277297209948301
0.49183574318885803 0.004720927216112614
0.30978864431381226 0.0010324455797672272
0.8240049481391907 0.004473673179745674
0.24990645051002502 0.0009185837698169053
1.0677920579910278 0.0040365722961723804
0.5568554401397705 0.0008684132480993867
0.5479748845100403 0.004842797759920359
0.05266451835632324 0.0007048703846521676
0.08979785442352295 0.002573594218119979
0.013238531537353992 0.003330049104988575
0.2097247838973999 0.0006512565305456519
0.4394698739051819 0.002585104899480939
0.06470177322626114 0.0006847057375125587
0.21711380779743195 0.0020109699107706547
0.10163283348083496 0.0004937817575410008
0.025320006534457207 0.0020567995961755514
0.18765497207641602 0.00039540091529488564
0.2543105483055115 0.0013218472013249993
0.15171894431114197 0.00037222314858809114
0.48486658930778503 0.001715805265121162
0.03137866407632828 0.000344421569025144
0.25767019391059875 0.0016417904989793897
0.07195660471916199 0.00031340192072093487
0.2786482572555542 0.0012855732347816229
0.1735466867685318 0.00029480765806511045
0.1706729680299759 0.0010414596181362867
0.1799827367067337 0.00031221058452501893
0.03717285022139549 0.0009527098154649138
0.16974098980426788 0.0002898598031606525
0.2613227367401123 0.001106605981476605
0.14556199312210083 0.00025944955996237695
0.25029146671295166 0.0009164454531855881
0.2560218274593353 0.0002533911319915205
0.2370145469903946 0.0011048242449760437
0.07471272349357605 0.0001769249065546319
0.2386854588985443 0.0010538880014792085
0.08042887598276138 0.00017807925178203732
0.04353947192430496 0.0004461421922314912
0.19000078737735748 0.0007060278439894319
0.07735312730073929 0.00013852839765604585
0.13870863616466522 0.0004331778909545392
0.21928396821022034 0.0005638497532345355
0.07307310402393341 0.00014240188465919346
0.07084332406520844 0.00042721914360299706
0.092496357858181 0.0004568348522298038
0.1169980987906456 0.00014518038369715214
0.2147839069366455 0.0004560539382509887
0.07918824255466461 0.00014595501124858856
0.047220874577760696 0.0005026849685236812
0.14013347029685974 0.00013396020221989602
0.10937261581420898 0.0005802735104225576
0.11934352666139603 0.00011708094098139554
0.22966934740543365 0.0002611892414279282
0.16055554151535034 0.00020743841014336795
0.17613951861858368 0.00036762389936484396
