0.0014876299537718296 0.027470294386148453
0.0012960524763911963 0.0014179677236825228
0.003186397487297654 0.11292792856693268
0.002331963274627924 0.02337256446480751
0.0016660371329635382 0.026623493060469627
0.002057234989479184 0.03421816974878311
0.0014728485839441419 0.027023203670978546
0.002115630079060793 0.026388730853796005
0.002285900991410017 0.024015774950385094
0.0019052644493058324 0.027574868872761726
0.002253882586956024 0.028070680797100067
0.05921389162540436 0.07821214199066162
0.9972010254859924 0.08534063398838043
0.041945476084947586 0.030173400416970253
0.723863959312439 0.03354347497224808
1.6364574432373047 0.040830790996551514
0.024642379954457283 0.027504468336701393
0.49455103278160095 0.03172046318650246
0.006839588284492493 0.02811213582754135
0.5430504679679871 0.03313377872109413
0.06479921191930771 0.03112873248755932
0.05547668784856796 0.011497246101498604
0.9860430955886841 0.01918349787592888
0.11836771667003632 0.0012270668521523476
0.35876601934432983 0.018675198778510094
1.5184895992279053 0.013305218890309334
0.05996019020676613 0.010477060452103615
0.6303220391273499 0.008915633894503117
0.4931209087371826 0.009977225214242935
0.44083094596862793 0.009180834516882896
0.09566402435302734 0.009406547993421555
0.0831335186958313 0.008327579125761986
0.056869130581617355 0.007738805375993252
0.06676378846168518 0.008430263958871365
0.08025413006544113 0.009444931522011757
0.10480644553899765 0.012052072212100029
0.11632519215345383 0.015757251530885696
0.14189505577087402 0.01981802098453045
0.17296038568019867 0.02483375556766987
0.2102937251329422 0.03302454203367233
0.011562563478946686 0.0116634052246809
0.001356832799501717 0.024726781994104385
0.010970164090394974 0.011844511143863201
0.19295763969421387 0.018862171098589897
0.23447977006435394 0.02407652884721756
0.012980751693248749 0.010854198597371578
0.005095849744975567 0.016024857759475708
0.7460407614707947 0.0034364385064691305
0.04083271324634552 0.027590056881308556
0.09030458331108093 0.007788008078932762
0.09958820790052414 0.014533529989421368
0.030880186706781387 0.013434892520308495
0.0019689740147441626 0.019466770812869072
0.06009015813469887 0.0072049773298203945
0.112282395362854 0.014755097217857838
0.022804658859968185 0.007833133451640606
1.120965838432312 0.0019321925938129425
0.06158449873328209 0.01105998270213604
0.027594061568379402 0.005006852559745312
0.03198349103331566 0.005515837576240301
0.2162293791770935 0.0047431932762265205
0.1346617043018341 0.01271812617778778
0.023310508579015732 0.006106580141931772
0.059609025716781616 0.0034662482794374228
0.22784413397312164 0.0028332306537777185
0.46461066603660583 0.0011158607667312026
1.7956793308258057 0.0028825642075389624
0.1068183109164238 0.0023717195726931095
0.16496801376342773 0.00016555865295231342
0.4901963174343109 0.0012325975112617016
0.403878390789032 0.00024401598784606904
0.37031129002571106 0.0016809721710160375
0.12471368908882141 0.0005596458213403821
0.15637163817882538 0.0004873518773820251
0.11173184216022491 0.003646561875939369
0.2540852427482605 0.0018182701896876097
0.2815500497817993 0.002093561226502061
0.3235930800437927 0.003049814607948065
0.16222898662090302 0.004220876842737198
0.18447241187095642 0.004011708311736584
0.23051099479198456 0.005261851008981466
0.042519159615039825 0.0010897163301706314
0.521783709526062 0.005755773279815912
0.08003012835979462 0.001166223781183362
0.03268786519765854 0.005504155997186899
0.11596483737230301 0.0009097976726479828
0.029606150463223457 0.004969143308699131
0.12303826212882996 0.0010278283152729273
0.07316792756319046 0.005074616055935621
0.0909983292222023 0.0007331193774007261
0.24239875376224518 0.003992969635874033
0.053796108812093735 0.0007027302635833621
0.8598237633705139 0.004015566315501928
0.23323197662830353 0.0009569507674314082
0.027011485770344734 0.003705777460709214
0.17273670434951782 0.0007963915704749525
0.2511773705482483 0.003332059597596526
0.11164084076881409 0.0005777573096565902
0.0861658900976181 0.0020317863672971725
0.024546287953853607 0.0021925452165305614
