0.0007669621263630688 0.06749037653207779
0.0010588157456368208 0.10057852417230606
0.002931160619482398 0.21108974516391754
0.0010642851702868938 0.15666066110134125
0.001161358319222927 0.17823214828968048
0.0012702628737315536 0.1344546526670456
0.0007734058890491724 0.1195722296833992
0.0010592159815132618 0.22354961931705475
0.001258922042325139 0.8570383191108704
0.0009467776399105787 0.04762013256549835
0.0030962293967604637 0.0054238662123680115
0.06134294718503952 0.07424616813659668
0.9883012771606445 0.4465341866016388
0.04875591769814491 0.09280179440975189
0.7007067799568176 0.015834512189030647
1.6016254425048828 1.4106534719467163
0.02451390214264393 0.06364230066537857
0.49991723895072937 0.08873307704925537
0.007046178448945284 0.029212450608611107
0.5404610633850098 0.38389861583709717
0.06708955764770508 0.11845394968986511
1.6411521434783936 2.014028310775757
0.4027423858642578 0.2566300630569458
0.03934266418218613 0.7029051184654236
0.02286975458264351 0.13961933553218842
0.9801235198974609 0.47545546293258667
0.2549106180667877 0.1463913768529892
0.5467386841773987 0.6587640047073364
0.14083336293697357 0.07056295871734619
0.4082414209842682 0.4990665316581726
0.1060953140258789 0.042907584458589554
0.030780142173171043 0.1300845742225647
0.037378400564193726 0.1462976485490799
0.04335432127118111 0.17343713343143463
0.025357618927955627 0.0422896072268486
0.050254564732313156 0.2484525740146637
0.004601745866239071 0.03480249643325806
0.2396574169397354 0.15766027569770813
0.0750126764178276 0.04337900131940842
0.0037936861626803875 0.17281848192214966
0.02254256047308445 0.02881939895451069
0.009760433807969093 0.13700774312019348
0.009863803163170815 0.03910505771636963
0.04680066555738449 0.16956152021884918
0.00436767004430294 0.027554688975214958
0.003129433374851942 0.17442062497138977
0.019988594576716423 0.02654302306473255
0.04681986942887306 0.09039292484521866
0.11522866040468216 0.16495805978775024
0.02221626229584217 0.027351701632142067
0.05785347893834114 0.10591347515583038
0.005220402032136917 0.02757306583225727
0.0963091179728508 0.08686213195323944
0.003954324405640364 0.08779948204755783
0.4548831582069397 0.11912751197814941
0.14073684811592102 0.019414322450757027
0.04212794080376625 0.08119060844182968
0.04999256879091263 0.10247630625963211
0.04103140905499458 0.020678726956248283
0.0028590934816747904 0.09662527590990067
0.02632863074541092 0.020145179703831673
0.09693677723407745 0.08563146740198135
0.02265605702996254 0.019654972478747368
0.1442369520664215 0.08595787733793259
0.04610590264201164 0.01780339702963829
0.05966807156801224 0.07232650369405746
0.0052042873576283455 0.018538562580943108
0.07541406154632568 0.07471714168787003
0.012473718263208866 0.016847364604473114
0.06548994034528732 0.0793466567993164
0.005562718492001295 0.013227924704551697
0.07624787092208862 0.038543108850717545
0.11709696799516678 0.035206571221351624
0.01949204131960869 0.047502171248197556
0.020220443606376648 0.011024880222976208
0.030945954844355583 0.04387741908431053
0.013405749574303627 0.010994518175721169
0.07553265988826752 0.04479033127427101
0.03242773562669754 0.009509160183370113
0.10408797115087509 0.04177040606737137
0.043816715478897095 0.009664708748459816
0.04485689848661423 0.05105172470211983
0.00989868026226759 0.008771396242082119
0.07362984120845795 0.039728570729494095
0.00801535602658987 0.007819566875696182
0.02143101952970028 0.0353415310382843
0.019740348681807518 0.00752205029129982
0.04605669900774956 0.030743839219212532
0.010896528139710426 0.008275752887129784
0.05083794146776199 0.022227568551898003
0.06641402840614319 0.035235315561294556
0.01677471585571766 0.007575653493404388
0.030786510556936264 0.031005481258034706
0.020194467157125473 0.007308437023311853
0.004799900110810995 0.02243310958147049
0.03408201411366463 0.007536009885370731
0.02757308818399906 0.031193947419524193
0.027709338814020157 0.005475733429193497
0.021330533549189568 0.029720135033130646
0.023008039221167564 0.005572441499680281
