0.002855990082025528 0.20737183094024658
0.0026577580720186234 0.10077402740716934
0.0057897018268704414 0.685465931892395
0.003227723529562354 0.052004050463438034
0.0034431309904903173 0.14090822637081146
0.0031424234621226788 0.7850189208984375
0.00285454373806715 0.19843819737434387
0.003252538852393627 0.13849373161792755
0.002643295330926776 0.15690964460372925
0.0028651042375713587 0.24194550514221191
0.004328319802880287 0.2853889763355255
0.05355587229132652 0.22449246048927307
0.9508563280105591 1.1711158752441406
0.04800315573811531 0.275767982006073
0.7195624709129333 0.46569132804870605
1.6160740852355957 2.246922731399536
0.016931423917412758 0.20837877690792084
0.5188314318656921 0.6465348601341248
0.008236567489802837 0.2526194453239441
0.5060436129570007 1.1033680438995361
0.06824299693107605 0.675714910030365
1.6238375902175903 0.4616587460041046
1.0303645133972168 0.11546134948730469
0.5964084267616272 0.22166109085083008
0.07244504988193512 0.1664491891860962
0.08508559316396713 0.025580530986189842
0.18455517292022705 0.344510942697525
0.16394522786140442 0.20750188827514648
0.5034425854682922 0.2789785861968994
0.637790858745575 0.19442111253738403
1.4527511596679688 0.5517470240592957
0.44222816824913025 0.1680617332458496
0.08590412884950638 0.12484706938266754
0.5362497568130493 0.42473104596138
0.141476109623909 0.10389940440654755
0.13229523599147797 0.09240078926086426
0.11892012506723404 0.17727263271808624
0.13938356935977936 0.2060813307762146
0.201472669839859 0.2216063141822815
0.4463306963443756 0.03716648742556572
0.06496189534664154 0.23922209441661835
0.09622859954833984 0.08609599620103836
0.17999307811260223 0.24377907812595367
0.016724126413464546 0.07530352473258972
0.13136690855026245 0.08348242193460464
0.16729368269443512 0.2027520388364792
0.029946349561214447 0.1605590581893921
0.0029154042713344097 0.272983580827713
0.09159877151250839 0.06904108822345734
0.17149381339550018 0.1707289218902588
0.6199187636375427 0.12336097657680511
0.05849360302090645 0.16673290729522705
0.0345737487077713 0.32073429226875305
0.09138156473636627 0.04859396070241928
0.3211335241794586 0.09689932316541672
0.0893014445900917 0.1193552315235138
0.0891781747341156 0.13954101502895355
0.1270548552274704 0.08238615095615387
0.18303078413009644 0.11258389800786972
0.2187264859676361 0.07333957403898239
0.1269538700580597 0.1439547836780548
0.06578641384840012 0.03248225897550583
0.2649453580379486 0.10919418931007385
0.15313506126403809 0.14402182400226593
0.0714430958032608 0.03939836844801903
0.6377683281898499 0.15689106285572052
0.20991575717926025 0.029340827837586403
0.1313844621181488 0.11731773614883423
0.09604465961456299 0.03139859810471535
0.3496660888195038 0.09961877763271332
0.005025774240493774 0.13837788999080658
0.0987568348646164 0.023388884961605072
0.02380586601793766 0.1693081259727478
0.12425179779529572 0.02612539939582348
0.14066915214061737 0.08673408627510071
0.16749881207942963 0.10538341104984283
0.012974850833415985 0.026007862761616707
1.0238651037216187 0.13648110628128052
0.04557036608457565 0.031177615746855736
0.48114097118377686 0.11160333454608917
0.09922290593385696 0.025863077491521835
0.11220502108335495 0.10951650142669678
0.07276313751935959 0.0270681194961071
0.15763860940933228 0.10103456676006317
0.07056895643472672 0.02213236503303051
0.08617359399795532 0.10762272775173187
0.06247654929757118 0.02548624947667122
0.195222869515419 0.07861415296792984
0.05369025468826294 0.09841258823871613
0.07910827547311783 0.026982733979821205
0.13214293122291565 0.09155578166246414
0.09421685338020325 0.023280611261725426
0.13892418146133423 0.07734481245279312
0.029184669256210327 0.02292439714074135
0.01044364832341671 0.09464564174413681
0.1160798966884613 0.020691510289907455
0.06032385677099228 0.07687733322381973
0.06345664709806442 0.021774085238575935
0.20613522827625275 0.04315133020281792
0.06061417609453201 0.04479432478547096
