0.0014464148553088307 0.0010316016850993037
0.0020032355096191168 0.0025409844238311052
0.002840282628312707 0.0191254373639822
0.0015923322644084692 0.002309285569936037
0.0019050559494644403 0.0011615273542702198
0.002630286617204547 0.0005091856000944972
0.0014867858262732625 0.0012861111899837852
0.0020349230617284775 0.0012428932823240757
0.0021487309131771326 0.0022395909763872623
0.002450148109346628 0.0009219525381922722
0.0033619378227740526 0.0008371914154849946
0.055767450481653214 0.0010551789309829473
0.9524080157279968 0.009078220464289188
0.05046480521559715 0.0006379009573720396
0.6861073970794678 0.0004400887992233038
1.6177324056625366 0.0009066566126421094
0.025373607873916626 0.001011733547784388
0.5043402314186096 0.0005347368423826993
0.007921101525425911 0.0009005879983305931
0.5500717163085938 0.0005129668861627579
0.07282814383506775 0.0005895381909795105
0.049359891563653946 0.03538390249013901
0.0048317983746528625 0.0045850807800889015
1.0348539352416992 0.02688383124768734
0.23712658882141113 0.0022801002487540245
0.025856535881757736 0.011202269233763218
0.007962008006870747 0.0010253647342324257
0.046291280537843704 4.6980239858385175e-05
0.1010051816701889 0.001534689450636506
0.056232839822769165 0.0006728879525326192
0.28308719396591187 0.006084853783249855
0.0666736289858818 0.0006275665364228189
0.0672263354063034 0.0007249281625263393
0.07988401502370834 0.00047000599442981184
0.09583351016044617 0.0005828655557706952
0.11508768796920776 0.0006749883759766817
0.1845041811466217 0.00205210386775434
0.025352701544761658 0.0003191844734828919
0.1445062756538391 0.0008303363574668765
0.11328398436307907 0.0011550328927114606
0.02217700518667698 0.0004837221640627831
0.19165606796741486 0.0009729674784466624
0.10398205369710922 0.0005045378929935396
0.20461921393871307 0.0010964905377477407
0.015660351142287254 0.0004251159552950412
1.2937947511672974 0.0004491094732657075
0.15047380328178406 0.0009107605437748134
0.0136048449203372 0.00041717340354807675
0.15605342388153076 0.0009475170518271625
0.012603012844920158 0.00040253385668620467
0.047993626445531845 0.0007910566055215895
0.027611998841166496 0.00038240570574998856
0.05268232896924019 0.0006709166336804628
0.06653817743062973 0.0009857488330453634
0.060198504477739334 0.0003622621879912913
0.0645153596997261 0.0007863809005357325
0.03894253075122833 0.00037065145443193614
0.059842806309461594 0.0006500722374767065
0.04180312529206276 0.00037960291956551373
0.16989004611968994 0.00041886683902703226
0.15776483714580536 0.0005168083007447422
0.22010226547718048 0.000297139078611508
0.10067563503980637 0.0005578711279667914
0.06458083540201187 0.0003140339977107942
0.4346865713596344 0.00020828361448366195
0.08272070437669754 0.0006282047834247351
0.08373776823282242 0.0002815835177898407
0.3921091556549072 0.00015018291014712304
0.1701720505952835 7.556636410299689e-05
0.130438894033432 0.0003261514939367771
0.15730829536914825 0.00024717062478885055
0.17893224954605103 0.0004310827935114503
1.1382825374603271 0.0003782234853133559
0.28086385130882263 3.1713232601759955e-05
1.4017914533615112 6.0790513089159504e-05
0.1897832751274109 0.0005271940608508885
0.06855598092079163 0.00019490995327942073
0.08092687278985977 0.00012950167001690716
0.06672609597444534 0.00039890219341032207
0.0745398998260498 9.564920765114948e-05
0.08451879024505615 0.00010434148862259462
0.1892014741897583 0.0004744671459775418
0.03194759786128998 0.00015938178694341332
0.11048461496829987 0.0001856162416515872
0.06956981122493744 2.577254235802684e-05
0.11869272589683533 0.00022609697771258652
1.1710706949234009 0.00017932357150129974
0.11164199560880661 7.232548523461446e-05
0.13438266515731812 0.00015136956062633544
0.06633591651916504 0.0001688216725597158
0.17024938762187958 0.00029541514231823385
0.0884767398238182 0.00023210256767924875
0.13582275807857513 8.902027184376493e-05
0.027817634865641594 0.00026899107615463436
0.09655918180942535 0.00017156645481009036
0.17036767303943634 0.000344789179507643
0.027587521821260452 6.11566356383264e-05
0.027309391647577286 0.0003421152359806001
0.0903770923614502 5.7999637647299096e-05
0.03275906667113304 0.00026780483312904835
