0.001747802016325295 0.020259996876120567
0.001747802016325295 0.020259996876120567
0.001747802016325295 0.020259996876120567
0.001747802016325295 0.020259996876120567
0.001747802016325295 0.020259996876120567
0.001747802016325295 0.020259996876120567
0.001747802016325295 0.020259996876120567
0.001747802016325295 0.020259996876120567
0.0017478023655712605 0.020259996876120567
0.0017478024819865823 0.02026178315281868
0.001747802016325295 0.020259996876120567
0.001747802016325295 0.020259996876120567
0.001747802016325295 0.020259996876120567
0.001747802016325295 0.020259996876120567
0.001747802016325295 0.020259996876120567
0.001747802016325295 0.020259996876120567
0.001747802016325295 0.020259996876120567
0.001747802016325295 0.020259996876120567
0.001747802016325295 0.020259996876120567
0.001747802016325295 0.020259996876120567
0.001747802016325295 0.020259996876120567
0.10208141058683395 12.775039672851562
0.014791546389460564 2.769317388534546
0.0035968758165836334 0.18318809568881989
0.0019868025556206703 0.013316536322236061
0.0017104423604905605 0.001705711241811514
0.0016894288128241897 0.007611868903040886
0.001708011724986136 0.01306115835905075
0.0017249167431145906 0.016399696469306946
0.0017354527954012156 0.018240133300423622
0.0017413245514035225 0.019213717430830002
0.001744450069963932 0.01971883326768875
0.001744450069963932 0.01971883326768875
0.001744450069963932 0.01971883326768875
0.001744450069963932 0.01971883326768875
0.001744450069963932 0.01971883326768875
0.001744450069963932 0.01971883326768875
0.001744450069963932 0.01971883326768875
0.001744450069963932 0.01971883326768875
0.0017444505356252193 0.01971883326768875
0.0017444505356252193 0.01971883326768875
0.001744450069963932 0.01971883326768875
0.001744450069963932 0.01971883326768875
0.001744450069963932 0.01971883326768875
0.001744450069963932 0.01971883326768875
0.001744450069963932 0.01971883326768875
0.001744450069963932 0.01971883326768875
0.001744450069963932 0.01971883326768875
0.001744450069963932 0.01971883326768875
0.001744450069963932 0.01971883326768875
0.001744450069963932 0.01971883326768875
0.001744450069963932 0.01971883326768875
0.001744450069963932 0.01971883326768875
0.001744450069963932 0.01971883326768875
0.001744450069963932 0.01971883326768875
0.001744450069963932 0.01971883326768875
0.001744450069963932 0.01971883326768875
0.001744450069963932 0.01971883326768875
0.001744450069963932 0.01971883326768875
0.001744450069963932 0.01971883326768875
0.001744450069963932 0.01971883326768875
0.001744450069963932 0.01971883326768875
0.001744450069963932 0.01971883326768875
0.001744450069963932 0.01971883326768875
0.001744450069963932 0.01971883326768875
0.001744450069963932 0.01971883326768875
0.001744450069963932 0.01971883326768875
0.001744450069963932 0.01971883326768875
0.001744450069963932 0.01971883326768875
0.001744450069963932 0.01971883326768875
0.001744450069963932 0.01971883326768875
0.001744450069963932 0.01971883326768875
0.001744450069963932 0.01971883326768875
0.001744450069963932 0.01971883326768875
0.001744450069963932 0.01971883326768875
0.001744450069963932 0.01971883326768875
0.001744450069963932 0.01971883326768875
0.001744450069963932 0.01971883326768875
0.001744450069963932 0.01971883326768875
0.001744450069963932 0.01971883326768875
0.001744450069963932 0.01971883326768875
0.001744450069963932 0.01971883326768875
0.001744450069963932 0.01971883326768875
0.001744450069963932 0.01971883326768875
0.001744450069963932 0.01971883326768875
0.001744450069963932 0.01971883326768875
0.001744450069963932 0.01971883326768875
0.001744450069963932 0.01971883326768875
0.001744450069963932 0.01971883326768875
0.001744450069963932 0.01971883326768875
0.001744450069963932 0.01971883326768875
0.001744450069963932 0.01971883326768875
0.001744450069963932 0.01971883326768875
0.001744450069963932 0.01971883326768875
0.001744450069963932 0.01971883326768875
0.001744450069963932 0.01971883326768875
0.001744450069963932 0.01971883326768875
0.001744450069963932 0.01971883326768875
0.001744450069963932 0.01971883326768875
0.001744450069963932 0.01971883326768875
