0.0015253268647938967 0.019734788686037064
0.0015253268647938967 0.019734788686037064
0.0015253268647938967 0.019734788686037064
0.0015253268647938967 0.019734788686037064
0.0015253268647938967 0.019734788686037064
0.0015253268647938967 0.019734788686037064
0.0015253268647938967 0.019734788686037064
0.0015253268647938967 0.019734788686037064
0.001525326631963253 0.019734788686037064
0.0015253268647938967 0.019734788686037064
0.0015253268647938967 0.019734788686037064
0.0015253268647938967 0.019734788686037064
0.0015253268647938967 0.019734788686037064
0.0015253268647938967 0.019734788686037064
0.0015253268647938967 0.019734788686037064
0.0015253268647938967 0.019734788686037064
0.0015253268647938967 0.019734788686037064
0.0015253268647938967 0.019734788686037064
0.0015253268647938967 0.019734788686037064
0.0015253268647938967 0.019734788686037064
0.0015253268647938967 0.019734788686037064
0.0015253268647938967 0.019734788686037064
0.0015253268647938967 0.019734788686037064
0.0015253268647938967 0.019734788686037064
0.0015253268647938967 0.019734788686037064
0.0015253268647938967 0.019734788686037064
0.0015253268647938967 0.019734788686037064
0.0015253268647938967 0.019734788686037064
0.0015253268647938967 0.019734788686037064
0.0015253268647938967 0.019734788686037064
0.0015253268647938967 0.019734788686037064
0.0015253268647938967 0.019734788686037064
0.0015253268647938967 0.019734788686037064
0.0015253268647938967 0.019734788686037064
0.0015253268647938967 0.019734788686037064
0.0015253268647938967 0.019734788686037064
0.0015253268647938967 0.019734788686037064
0.0015253268647938967 0.019734788686037064
0.0015253268647938967 0.019734788686037064
0.0015253268647938967 0.019734788686037064
0.0015253268647938967 0.019734788686037064
0.0015253268647938967 0.019734788686037064
0.0015253268647938967 0.019734788686037064
0.0015253268647938967 0.019734788686037064
0.0015253268647938967 0.019734788686037064
0.0015253268647938967 0.019734788686037064
0.0015253268647938967 0.019734788686037064
0.0015253268647938967 0.019734788686037064
0.0015253268647938967 0.019734788686037064
0.0015253268647938967 0.019734788686037064
0.0015253268647938967 0.019734788686037064
0.0015253268647938967 0.019734788686037064
0.0015253268647938967 0.019734788686037064
0.0015253268647938967 0.019734788686037064
0.0015253268647938967 0.019734788686037064
0.0015253268647938967 0.019734788686037064
0.0015253268647938967 0.019734788686037064
0.0015253268647938967 0.019734788686037064
0.0015253268647938967 0.019734788686037064
0.0015253268647938967 0.019734788686037064
0.0015253268647938967 0.019734788686037064
0.0015253268647938967 0.019734788686037064
0.0015253268647938967 0.019734788686037064
0.0015253268647938967 0.019734788686037064
0.0015253268647938967 0.019734788686037064
0.0015253268647938967 0.019734788686037064
0.0015253268647938967 0.019734788686037064
0.0015253268647938967 0.019734788686037064
0.0015253268647938967 0.019734788686037064
0.0015253268647938967 0.019734788686037064
0.0015253268647938967 0.019734788686037064
0.0015253268647938967 0.019734788686037064
0.0015253268647938967 0.019734788686037064
0.0015253268647938967 0.019734788686037064
0.0015253268647938967 0.019734788686037064
0.0015253268647938967 0.019734788686037064
0.0015253268647938967 0.019734788686037064
0.0015253268647938967 0.019734788686037064
0.0015253268647938967 0.019734788686037064
0.0015253268647938967 0.019734788686037064
0.0015253268647938967 0.019734788686037064
0.0015253268647938967 0.019734788686037064
0.0015253268647938967 0.019734788686037064
0.0015253268647938967 0.019734788686037064
0.0015253268647938967 0.019734788686037064
0.0015253268647938967 0.019734788686037064
0.0015253268647938967 0.019734788686037064
0.0015253268647938967 0.019734788686037064
0.0015253268647938967 0.019734788686037064
0.0015253268647938967 0.019734788686037064
0.0015253268647938967 0.019734788686037064
0.0015253268647938967 0.019734788686037064
0.0015253268647938967 0.019734788686037064
0.0015253268647938967 0.019734788686037064
0.0015253268647938967 0.019734788686037064
0.0015253268647938967 0.019734788686037064
0.0015253268647938967 0.019734788686037064
0.0015253268647938967 0.019734788686037064
0.0015253268647938967 0.019734788686037064
0.0015253268647938967 0.019734788686037064
