0.002245610114187002 0.02128899097442627
0.002245610114187002 0.02128899097442627
0.002245610114187002 0.02128899097442627
0.002245610114187002 0.02128899097442627
0.002245610114187002 0.02128899097442627
0.002245610114187002 0.02128899097442627
0.002245609648525715 0.021288609132170677
0.002245610114187002 0.02128899097442627
0.0022456105798482895 0.021286556497216225
0.0022456105798482895 0.021288307383656502
0.002245610114187002 0.02128899097442627
0.002245610114187002 0.02128899097442627
0.002245610114187002 0.02128899097442627
0.002245610114187002 0.02128899097442627
0.002245610114187002 0.02128899097442627
0.002245610114187002 0.02128899097442627
0.002245610114187002 0.02128899097442627
0.002245610114187002 0.02128899097442627
0.002245610114187002 0.02128899097442627
0.002245610114187002 0.02128899097442627
0.002245610114187002 0.02128899097442627
1.628098487854004 9.496748924255371
0.3708505630493164 7.669506072998047
0.0807659849524498 4.544941425323486
0.018453728407621384 1.6759287118911743
0.005831916816532612 0.5203412175178528
0.0031347046606242657 0.17254142463207245
0.002495927968993783 0.07203494757413864
0.0023264456540346146 0.040392450988292694
0.0022754939272999763 0.029254376888275146
0.002257963642477989 0.024862855672836304
0.002251125406473875 0.022964751347899437
0.002251125406473875 0.022964751347899437
0.002251125406473875 0.022964751347899437
0.002251125406473875 0.022964751347899437
0.002251125406473875 0.022964751347899437
0.002251125406473875 0.022964751347899437
0.002251125406473875 0.022964751347899437
0.002251125406473875 0.022964751347899437
0.0022511258721351624 0.022966429591178894
0.002251125406473875 0.022964751347899437
0.002251125406473875 0.022964751347899437
0.002251125406473875 0.022964751347899437
0.002251125406473875 0.022964751347899437
0.002251125406473875 0.022964751347899437
0.002251125406473875 0.022964751347899437
0.002251125406473875 0.022964751347899437
0.002251125406473875 0.022964751347899437
0.002251125406473875 0.022964751347899437
0.002251125406473875 0.022964751347899437
0.002251125406473875 0.022964751347899437
0.002251125406473875 0.022964751347899437
1.0276131629943848 18.327571868896484
0.0720556452870369 3.2681045532226562
0.00863446295261383 0.7220145463943481
0.0029131965711712837 0.15286293625831604
0.002312971744686365 0.054735127836465836
0.002242576563730836 0.032900772988796234
0.0022401600144803524 0.026663705706596375
0.0022445484064519405 0.02450418844819069
0.0022477246820926666 0.02364245243370533
0.0022494569420814514 0.023275237530469894
0.0022503240033984184 0.023109478875994682
0.0022503240033984184 0.023109478875994682
0.0022503240033984184 0.023109478875994682
0.0022503240033984184 0.023109478875994682
0.0022503240033984184 0.023109478875994682
0.0022503240033984184 0.023109478875994682
0.0022503240033984184 0.023109478875994682
0.0022503240033984184 0.023109478875994682
0.0022503244690597057 0.023109478875994682
0.0022503244690597057 0.023109478875994682
0.0022503240033984184 0.023109478875994682
0.0022503240033984184 0.023109478875994682
0.0022503240033984184 0.023109478875994682
0.0022503240033984184 0.023109478875994682
0.0022503240033984184 0.023109478875994682
0.0022503240033984184 0.023109478875994682
0.0022503240033984184 0.023109478875994682
0.0022503240033984184 0.023109478875994682
0.0022503240033984184 0.023109478875994682
0.0022503240033984184 0.023109478875994682
0.0022503240033984184 0.023109478875994682
0.0022503240033984184 0.023109478875994682
0.0022503240033984184 0.023109478875994682
0.0022503240033984184 0.023109478875994682
0.0022503240033984184 0.023109478875994682
0.0022503240033984184 0.023109478875994682
0.0022503240033984184 0.023109478875994682
0.0022503240033984184 0.023109478875994682
0.0022503240033984184 0.023109478875994682
0.0022503240033984184 0.023109478875994682
0.0022503240033984184 0.023109478875994682
0.0022503240033984184 0.023109478875994682
0.0022503240033984184 0.023109478875994682
0.0022503240033984184 0.023109478875994682
0.0022503240033984184 0.023109478875994682
0.0022503240033984184 0.023109478875994682
0.0022503240033984184 0.023109478875994682
0.0022503240033984184 0.023109478875994682
