0.0020139908883720636 0.29525014758110046
0.0020139908883720636 0.29525014758110046
0.0020139908883720636 0.29525014758110046
0.0020139908883720636 0.29525014758110046
0.0020139908883720636 0.29525014758110046
0.0020139908883720636 0.29525014758110046
0.00201399065554142 0.29525014758110046
0.0020139908883720636 0.29525014758110046
0.00201399065554142 0.29525014758110046
0.00201399065554142 0.2952626645565033
0.0020139908883720636 0.29525014758110046
0.0020139908883720636 0.29525014758110046
0.0020139908883720636 0.29525014758110046
0.0020139908883720636 0.29525014758110046
0.0020139908883720636 0.29525014758110046
0.0020139908883720636 0.29525014758110046
0.0020139908883720636 0.29525014758110046
0.0020139908883720636 0.29525014758110046
0.0020139908883720636 0.29525014758110046
0.0020139908883720636 0.29525014758110046
0.0020139908883720636 0.29525014758110046
0.11227661371231079 51.414093017578125
0.022139940410852432 3.9683785438537598
0.006956613156944513 1.338627576828003
0.0033089329954236746 0.8299658298492432
0.0023764970246702433 0.5629259347915649
0.002126122359186411 0.4253019392490387
0.0020532049238681793 0.35828959941864014
0.002029431750997901 0.32591885328292847
0.0020206531044095755 0.3103013336658478
0.002017039805650711 0.3026510775089264
0.0020154337398707867 0.2988569736480713
0.0020154337398707867 0.2988569736480713
0.0020154337398707867 0.2988569736480713
0.0020154337398707867 0.2988569736480713
0.0020154337398707867 0.2988569736480713
0.0020154337398707867 0.2988569736480713
0.002015433507040143 0.2988569736480713
0.0020154337398707867 0.2988569736480713
0.002015433507040143 0.2988361120223999
0.002015433507040143 0.298857182264328
0.0020154337398707867 0.2988569736480713
0.0020154337398707867 0.2988569736480713
0.0020154337398707867 0.2988569736480713
0.0020154337398707867 0.2988569736480713
0.0020154337398707867 0.2988569736480713
0.0020154337398707867 0.2988569736480713
0.0020154337398707867 0.2988569736480713
0.0020154337398707867 0.2988569736480713
0.0020154337398707867 0.2988569736480713
0.0020154337398707867 0.2988569736480713
0.0020154337398707867 0.2988569736480713
0.14659753441810608 24.16558265686035
0.0323491208255291 2.040358066558838
0.00925957690924406 0.9641487002372742
0.003721674205735326 0.6115185618400574
0.0024003854487091303 0.4449789822101593
0.002093460876494646 0.36838701367378235
0.002026463160291314 0.33255577087402344
0.0020141161512583494 0.31536251306533813
0.0020131152123212814 0.3071140646934509
0.0020138754043728113 0.3029404878616333
0.0020145613234490156 0.30089646577835083
0.0020145613234490156 0.30089646577835083
0.0020145613234490156 0.30089646577835083
0.0020145613234490156 0.30089646577835083
0.0020145613234490156 0.30089646577835083
0.0020145613234490156 0.30089646577835083
0.0020145608577877283 0.30089646577835083
0.0020145613234490156 0.30089646577835083
0.0020145608577877283 0.30089646577835083
0.002014561090618372 0.300892174243927
0.0020145613234490156 0.30089646577835083
0.0020145613234490156 0.30089646577835083
0.0020145613234490156 0.30089646577835083
0.0020145613234490156 0.30089646577835083
0.0020145613234490156 0.30089646577835083
0.0020145613234490156 0.30089646577835083
0.0020145613234490156 0.30089646577835083
0.0020145613234490156 0.30089646577835083
0.0020145613234490156 0.30089646577835083
0.0020145613234490156 0.30089646577835083
0.0020145613234490156 0.30089646577835083
0.0020121268462389708 0.2955070436000824
0.002013243269175291 0.29802995920181274
0.002013853983953595 0.2993355989456177
0.002014182973653078 0.300107479095459
0.002014359924942255 0.3004571497440338
0.0020144537556916475 0.3006609082221985
0.0020145040471106768 0.3007652759552002
0.0020145303569734097 0.3008178472518921
0.002014544792473316 0.300841361284256
0.0020145520102232695 0.30085811018943787
0.0020145520102232695 0.30085811018943787
0.0020145520102232695 0.30085811018943787
0.0020145520102232695 0.30085811018943787
0.0020145520102232695 0.30085811018943787
0.0020145520102232695 0.30085811018943787
0.002014551544561982 0.30085811018943787
0.0020145520102232695 0.30085811018943787
