0.001963592367246747 0.010120539925992489
0.001963592367246747 0.010120539925992489
0.001963592367246747 0.010120539925992489
0.001963592367246747 0.010120539925992489
0.001963592367246747 0.010120539925992489
0.001963592367246747 0.010120539925992489
0.0019635926000773907 0.01012277789413929
0.001963592367246747 0.010120539925992489
0.0019635921344161034 0.010120539925992489
0.0019635921344161034 0.010120907798409462
0.001963592367246747 0.010120539925992489
0.001963592367246747 0.010120539925992489
0.001963592367246747 0.010120539925992489
0.001963592367246747 0.010120539925992489
0.001963592367246747 0.010120539925992489
0.001963592367246747 0.010120539925992489
0.001963592367246747 0.010120539925992489
0.001963592367246747 0.010120539925992489
0.001963592367246747 0.010120539925992489
0.001963592367246747 0.010120539925992489
0.001963592367246747 0.010120539925992489
0.19568346440792084 309.6392822265625
0.00397086376324296 3.7843992710113525
0.002146504819393158 0.381310373544693
0.0019982352387160063 0.09334474802017212
0.0019724639132618904 0.03610602393746376
0.0019664019346237183 0.019926642999053
0.0019646361470222473 0.014243362471461296
0.001964023569598794 0.011939473450183868
0.0019637818913906813 0.01095804013311863
0.0019636782817542553 0.010520643554627895
0.001963631948456168 0.010315299034118652
0.001963631948456168 0.010315299034118652
0.001963631948456168 0.010315299034118652
0.001963631948456168 0.010315299034118652
0.001963631948456168 0.010315299034118652
0.001963631948456168 0.010315299034118652
0.001963631948456168 0.010315299034118652
0.001963631948456168 0.010315299034118652
0.0019636317156255245 0.010309661738574505
0.0019636317156255245 0.010315519757568836
0.001963631948456168 0.010315299034118652
0.001963631948456168 0.010315299034118652
0.001963631948456168 0.010315299034118652
0.001963631948456168 0.010315299034118652
0.001963631948456168 0.010315299034118652
0.001963631948456168 0.010315299034118652
0.001963631948456168 0.010315299034118652
0.001963631948456168 0.010315299034118652
0.001963631948456168 0.010315299034118652
0.001963631948456168 0.010315299034118652
0.001963631948456168 0.010315299034118652
0.20969893038272858 254.93106079101562
0.004013251978904009 2.822382688522339
0.0021710731089115143 0.3547137975692749
0.0019968044944107533 0.09235379844903946
0.0019692336209118366 0.03666255623102188
0.001964361872524023 0.02037622407078743
0.0019635797943919897 0.01458821352571249
0.00196352181956172 0.012219392694532871
0.0019635611679404974 0.011192962527275085
0.0019635942298918962 0.010728267952799797
0.001963613322004676 0.010508555918931961
0.001963613322004676 0.010508555918931961
0.001963613322004676 0.010508555918931961
0.001963613322004676 0.010508555918931961
0.001963613322004676 0.010508555918931961
0.001963613322004676 0.010508555918931961
0.001963613322004676 0.010508555918931961
0.001963613322004676 0.010508555918931961
0.001963613089174032 0.01051638089120388
0.001963613089174032 0.010511803440749645
0.001963613322004676 0.010508555918931961
0.001963613322004676 0.010508555918931961
0.001963613322004676 0.010508555918931961
0.001963613322004676 0.010508555918931961
0.001963613322004676 0.010508555918931961
0.001963613322004676 0.010508555918931961
0.001963613322004676 0.010508555918931961
0.001963613322004676 0.010508555918931961
0.001963613322004676 0.010508555918931961
0.001963613322004676 0.010508555918931961
0.001963613322004676 0.010508555918931961
0.14597660303115845 175.11111450195312
0.003483318258076906 1.8089704513549805
0.002142570912837982 0.2441791445016861
0.0020007204730063677 0.06852927058935165
0.0019737589173018932 0.029745643958449364
0.0019670031033456326 0.01801719143986702
0.0019649211317300797 0.013718429952859879
0.001964165363460779 0.011929972097277641
0.0019638584926724434 0.011157754808664322
0.001963724847882986 0.01081053912639618
0.0019636647775769234 0.010641205124557018
0.0019636647775769234 0.010641205124557018
0.0019636647775769234 0.010641205124557018
0.0019636647775769234 0.010641205124557018
0.0019636647775769234 0.010641205124557018
0.0019636647775769234 0.010641205124557018
0.0019636647775769234 0.010641205124557018
