0.001747802016325295 0.020259996876120567
0.0025797514244914055 0.016475317999720573
0.002524071838706732 0.017032833769917488
0.003522898070514202 0.009916980750858784
0.0024819225072860718 0.015595577657222748
0.004183555953204632 0.032459210604429245
0.0019046763190999627 0.04558562859892845
0.004116802476346493 0.015734253451228142
0.0021959743462502956 0.038581687957048416
0.002263440750539303 0.07672687619924545
0.003153847064822912 0.017981301993131638
0.1416267454624176 0.014828343875706196
0.15588873624801636 0.014580581337213516
0.5259681940078735 0.023462479934096336
0.700275182723999 0.044022880494594574
0.013226471841335297 0.020925233140587807
0.00599710363894701 0.0238226056098938
0.09100677073001862 0.03133105859160423
0.4473826587200165 0.0311528742313385
0.08987337350845337 0.009430352598428726
0.2829878628253937 0.017890391871333122
0.02194799669086933 0.01678776554763317
0.026863494887948036 0.035180047154426575
0.7243204712867737 0.015018980950117111
0.03429235890507698 0.010773166082799435
0.03565039485692978 0.0400238037109375
0.013200444169342518 0.010126879438757896
0.043013300746679306 0.02450735680758953
0.12337853014469147 0.023675017058849335
0.4559573829174042 0.07887175679206848
0.12023656815290451 0.004515495616942644
0.008519860915839672 0.04430680721998215
0.023998234421014786 0.006021661683917046
0.05814884603023529 0.005523017607629299
0.09080159664154053 0.03179361671209335
0.04528607055544853 0.00786301214247942
0.4789239168167114 0.007633752655237913
0.055515363812446594 0.006873390171676874
0.06068681553006172 0.008912858553230762
0.07559023797512054 0.0166472215205431
0.2851428985595703 0.02456638216972351
0.08528885990381241 0.005239909514784813
0.08778910338878632 0.018688252195715904
0.006360154133290052 0.0055107977241277695
0.0954928919672966 0.02077631652355194
0.013181362301111221 0.00422541843727231
0.004830191843211651 0.01637164130806923
0.08062025904655457 0.012082520872354507
0.09158383309841156 0.02127915248274803
0.008377612568438053 0.0047533949837088585
0.10001359134912491 0.00351337855681777
0.22848987579345703 0.015447501093149185
0.12321924418210983 0.010835688561201096
0.5217854380607605 0.021209703758358955
0.22675266861915588 0.0047756084240973
0.197641983628273 0.015842461958527565
0.05158790946006775 0.004296120256185532
0.17466126382350922 0.01703774183988571
0.059473324567079544 0.0040674456395208836
0.005221094470471144 0.01121127512305975
0.01324686873704195 0.0034754120279103518
0.003552232403308153 0.015880610793828964
0.06425976008176804 0.00310677126981318
0.04759262502193451 0.01166495680809021
0.02670474536716938 0.002893393626436591
0.08706636726856232 0.007527517154812813
0.13274063169956207 0.010300630703568459
0.009295551106333733 0.0029510220047086477
0.173753559589386 0.012083821929991245
0.03674154356122017 0.0025723008438944817
0.013252977281808853 0.014402631670236588
0.044295214116573334 0.0022337210830301046
0.0849228948354721 0.011138067580759525
0.030639031901955605 0.002373185707256198
0.49050256609916687 0.008165941573679447
0.14165106415748596 0.0030314987525343895
0.018823696300387383 0.010190148837864399
0.052495621144771576 0.00243627792224288
0.02619645558297634 0.008648833259940147
0.03981892764568329 0.0021122675389051437
0.06031287461519241 0.0048743924126029015
0.05724267289042473 0.01017680298537016
0.03842884302139282 0.001480140839703381
0.08675971627235413 0.0019321973668411374
0.11168311536312103 0.004904543049633503
0.05825424566864967 0.0017061743419617414
0.029981860890984535 0.005806679837405682
0.04560817778110504 0.0017624105094000697
0.1080574244260788 0.0016359686851501465
0.07895618677139282 0.006009571719914675
0.017287015914916992 0.0014820689102634788
0.11550237983465195 0.004241202492266893
0.06995153427124023 0.0029603391885757446
0.1262054741382599 0.005539159290492535
0.05145403742790222 0.0013083897065371275
0.08120612055063248 0.004611744079738855
0.0198421161621809 0.0012815853115171194
0.06245845556259155 0.004009174648672342
0.040440961718559265 0.0013489151606336236
0.009294236078858376 0.011878617107868195
