0.001963592367246747 0.010120539925992489
0.004102465696632862 0.061860017478466034
0.002301492728292942 0.06924345344305038
0.004828224889934063 0.06938793510198593
0.0038860379718244076 0.11124040931463242
0.005131163634359837 0.086712546646595
0.0022582015953958035 0.14967501163482666
0.002173944842070341 0.008957969024777412
0.001970191951841116 0.011547424830496311
0.002112406073138118 0.08270035684108734
0.0031601651571691036 0.06039804220199585
0.15384915471076965 0.12964631617069244
0.15047986805438995 0.1171279177069664
0.5104449391365051 0.6484159827232361
0.6809589862823486 0.8582519292831421
0.01188894547522068 0.049617450684309006
0.008398942649364471 0.019431663677096367
0.07879897207021713 0.1666654348373413
0.45963528752326965 0.07802127301692963
0.10030096024274826 0.05683761090040207
0.30453112721443176 0.5021181702613831
0.7697230577468872 0.43707308173179626
0.5595073699951172 0.47068241238594055
0.3154008090496063 0.5435302257537842
0.08349822461605072 0.12192536145448685
0.5087651610374451 0.5908702611923218
0.15317516028881073 0.10481530427932739
0.6816896200180054 0.604202926158905
0.20827220380306244 0.09176181256771088
0.1181475818157196 0.13530310988426208
0.029793931171298027 0.19654442369937897
0.004938265774399042 0.03395028039813042
0.07861720025539398 0.18396484851837158
0.04119235277175903 0.028394196182489395
0.16015037894248962 0.12147828936576843
0.08389455080032349 0.1676175445318222
0.028036372736096382 0.025720609351992607
0.15301431715488434 0.11629477143287659
0.15146835148334503 0.1223515048623085
0.0442570261657238 0.028612783178687096
0.15835511684417725 0.13377796113491058
0.044243983924388885 0.026959503069519997
0.028354644775390625 0.10904670506715775
0.017245497554540634 0.0328577421605587
0.12106237560510635 0.08875872194766998
0.1587836742401123 0.11096121370792389
0.06324240565299988 0.020566681399941444
0.15030455589294434 0.09472624212503433
0.03242030367255211 0.0214229729026556
0.023008260875940323 0.1533355861902237
0.004959871992468834 0.021349309012293816
0.02371910586953163 0.12404970079660416
0.003959812223911285 0.01780153438448906
0.42845964431762695 0.07267089933156967
0.10785817354917526 0.017735904082655907
0.01638062857091427 0.0621374249458313
0.019382953643798828 0.06929655373096466
0.003699386492371559 0.020362038165330887
0.005004323553293943 0.07652056217193604
0.010415352880954742 0.018067318946123123
0.01814790815114975 0.0759764239192009
0.00451517291367054 0.016796324402093887
0.020579714328050613 0.07437650114297867
0.004037319216877222 0.012440390884876251
0.08572203665971756 0.08413057029247284
0.03176116943359375 0.011314497329294682
0.023069756105542183 0.08209799230098724
0.006786986719816923 0.009114881977438927
0.011449779383838177 0.02241779863834381
0.01245056837797165 0.0353592224419117
0.010161335580050945 0.008731028996407986
0.03611383214592934 0.03931134566664696
0.01717684417963028 0.006048696115612984
0.022201811894774437 0.02659517526626587
0.039233047515153885 0.028554236516356468
0.016040045768022537 0.006612555589526892
0.04040491580963135 0.03122878260910511
0.007970141246914864 0.006161411292850971
0.02566998265683651 0.03295624628663063
0.011770237237215042 0.005696671549230814
0.002780195325613022 0.03116506151854992
0.008284449577331543 0.0045784455724060535
0.04444921389222145 0.0329531729221344
0.011177601292729378 0.004155402071774006
0.011999341659247875 0.02082798257470131
0.008484072051942348 0.004518897272646427
0.03630323335528374 0.02194434031844139
0.023289792239665985 0.0050736782141029835
0.010107986629009247 0.02615826018154621
0.004607673734426498 0.004881303757429123
0.018061883747577667 0.02127072587609291
0.005479472689330578 0.004648439586162567
0.004584645852446556 0.024664882570505142
0.007729997392743826 0.004366406239569187
0.013042631559073925 0.024425430223345757
0.004463011398911476 0.003964460454881191
0.1000158041715622 0.025865571573376656
0.03216604143381119 0.0037124569062143564
0.009061828255653381 0.028868742287158966
0.004972921684384346 0.0033902551513165236
