0.0020139908883720636 0.29525014758110046
0.0036667652893811464 0.34592634439468384
0.004035375081002712 0.24082009494304657
0.0038087554275989532 0.5476892590522766
0.002879415638744831 0.6554510593414307
0.002072954550385475 0.11052091419696808
0.0020355128217488527 0.05907921865582466
0.003992521669715643 0.17796170711517334
0.001940375892445445 0.16373403370380402
0.0021831674966961145 0.07472915202379227
0.005477843340486288 0.4487523138523102
0.16031703352928162 0.6575723886489868
0.14219547808170319 0.5998581051826477
0.5220230221748352 0.888687252998352
0.724388062953949 0.8572168350219727
0.010999828577041626 0.3568936586380005
0.00928651262074709 0.3089483380317688
0.09732933342456818 0.48930343985557556
0.4720987379550934 0.42475131154060364
0.10033391416072845 0.39615416526794434
0.3026348948478699 0.7057640552520752
0.5563260912895203 0.002384549006819725
2.16400408744812 0.3306162655353546
0.7227862477302551 0.0063316551968455315
0.31311237812042236 0.0038792083505541086
0.16332703828811646 0.004871042910963297
0.044655345380306244 0.00039878100506030023
0.09918313473463058 0.19137245416641235
0.17305618524551392 0.003475080244243145
0.055487919598817825 0.005729186814278364
0.1273166388273239 0.01795736700296402
0.07452088594436646 0.021509092301130295
0.4001256227493286 0.04951910302042961
0.12915641069412231 0.07821928709745407
0.08758250623941422 0.1103723868727684
0.09966319799423218 0.12390117347240448
0.11999739706516266 0.21124590933322906
0.14284485578536987 0.2945115566253662
0.08101125061511993 0.07264014333486557
0.16458041965961456 0.2769792079925537
0.01270501408725977 0.051537372171878815
0.010802669450640678 0.21486318111419678
0.0720004141330719 0.052583057433366776
0.16690315306186676 0.2108006775379181
0.012809567153453827 0.0377628467977047
0.17550091445446014 0.22724778950214386
0.012553803622722626 0.032914917916059494
0.010606011375784874 0.1317204385995865
0.06666593998670578 0.034908756613731384
0.1819210946559906 0.14309336245059967
0.01259017176926136 0.020624294877052307
0.025958562269806862 0.0931837186217308
0.03062841109931469 0.02104721963405609
0.12551280856132507 0.08753122389316559
0.06383109092712402 0.01879808120429516
0.1775594800710678 0.0835656076669693
0.012835781089961529 0.016536634415388107
0.016592323780059814 0.08102091401815414
0.0598081573843956 0.017484651878476143
0.1830563098192215 0.06572018563747406
0.013117446564137936 0.013080824166536331
0.025424238294363022 0.057895172387361526
0.05662117898464203 0.012705737724900246
0.10531547665596008 0.05921512097120285
0.026449544355273247 0.011505449190735817
0.5353845357894897 0.05454118549823761
0.11885329335927963 0.01200718805193901
0.11148041486740112 0.043780870735645294
0.027307312935590744 0.008387267589569092
0.03189913183450699 0.04163374751806259
0.05595047399401665 0.008620258420705795
0.11243492364883423 0.04003569111227989
0.027664057910442352 0.007380951661616564
0.05119930952787399 0.027978671714663506
0.05722756311297417 0.005636970046907663
0.07748974859714508 0.026632841676473618
0.0385243184864521 0.004674401134252548
0.1170157939195633 0.026227904483675957
0.028244078159332275 0.004246731288731098
0.0784299299120903 0.017497066408395767
0.15402771532535553 0.024713026359677315
0.0665593221783638 0.003930342849344015
0.06479648500680923 0.016873763874173164
0.040657736361026764 0.01819923333823681
0.05438395217061043 0.004398300312459469
0.07799703627824783 0.019308699294924736
0.05195742845535278 0.004039011429995298
0.1204938292503357 0.018735414370894432
0.02894977293908596 0.003833648981526494
0.12346334755420685 0.016279371455311775
0.029674211516976357 0.0028874101117253304
0.049080029129981995 0.012981160543859005
0.054171085357666016 0.0032463909592479467
0.19869780540466309 0.013469566591084003
0.060120947659015656 0.002929752692580223
0.09414923936128616 0.013213022612035275
0.03906901553273201 0.0026888600550591946
0.052363745868206024 0.010189558379352093
0.05468802526593208 0.0021354462951421738
0.09398068487644196 0.0098637156188488
