0.0015253268647938967 0.019734788686037064
0.002751423278823495 0.008190956898033619
0.0012923197355121374 0.006902913562953472
0.003129510674625635 0.06501483917236328
0.00259119994007051 0.12286226451396942
0.004244851414114237 0.01057820301502943
0.0015274733304977417 0.007094808388501406
0.003370894817635417 0.04265071451663971
0.0014651508536189795 0.014976398088037968
0.0016816372517496347 0.02388797514140606
0.002880596788600087 0.04724142327904701
0.1387789398431778 0.01120750792324543
0.14142926037311554 0.011945745907723904
0.5204650163650513 0.2099471241235733
0.729877769947052 0.2800251245498657
0.011833489872515202 0.037547413259744644
0.006638787221163511 0.024938246235251427
0.07946234941482544 0.08213350176811218
0.45843183994293213 0.04808473214507103
0.09017534554004669 0.038997627794742584
0.2893509864807129 0.12268949300050735
0.7202330231666565 0.047687746584415436
0.5405693054199219 0.04086679965257645
0.03013952448964119 0.03554802015423775
0.3151642978191376 0.04608938470482826
0.12405340373516083 0.017863944172859192
0.04557998105883598 0.01863449439406395
0.4391399025917053 0.013801324181258678
0.6846334338188171 0.0895310789346695
0.19153562188148499 0.010566750541329384
0.044372908771038055 0.02125179022550583
0.2910519242286682 0.062365345656871796
0.08999913185834885 0.009799406863749027
0.04832466319203377 0.03220608830451965
0.45990562438964844 0.06690928339958191
0.15309113264083862 0.009658715687692165
0.11797384917736053 0.02554539032280445
0.05927879363298416 0.031730424612760544
0.05171247199177742 0.03844088688492775
0.016661912202835083 0.00921720266342163
0.008994635194540024 0.030280832201242447
0.01221301406621933 0.05242518335580826
0.030060231685638428 0.0069555435329675674
0.04597887396812439 0.029632462188601494
0.02654237672686577 0.0069610970094799995
0.08816329389810562 0.03175101801753044
0.04329540580511093 0.00578275928273797
0.06285989284515381 0.022479601204395294
0.07090703397989273 0.03256823495030403
0.0053604282438755035 0.004915829747915268
0.006643985863775015 0.02334262989461422
0.03468913212418556 0.006190725136548281
0.008197379298508167 0.027105720713734627
0.027408218011260033 0.005023960955440998
0.06912466883659363 0.024141617119312286
0.005229181610047817 0.004083117004483938
0.037343110889196396 0.018083970993757248
0.020818661898374557 0.003977404907345772
0.1028871014714241 0.01882633939385414
0.04556440934538841 0.004202571697533131
0.06946118175983429 0.016019048169255257
0.005186846479773521 0.003285605926066637
0.38566672801971436 0.018167546018958092
0.12755852937698364 0.0030223331414163113
0.14669865369796753 0.012268348596990108
0.04631005600094795 0.0027866552118211985
0.15566669404506683 0.013068433851003647
0.0442802757024765 0.0024763825349509716
0.06625290960073471 0.010829057544469833
0.00598812336102128 0.0018936623819172382
0.14773011207580566 0.00919672753661871
0.07598952203989029 0.011101413518190384
0.03445010632276535 0.0022757898550480604
0.09719022363424301 0.011903009377419949
0.05442427471280098 0.002288995310664177
0.02886347658932209 0.011901588179171085
0.012552795000374317 0.0021033554803580046
0.18664991855621338 0.009398657828569412
0.04230906814336777 0.002301407977938652
0.056144073605537415 0.010709458030760288
0.004901074804365635 0.001779346726834774
0.058093030005693436 0.00936401542276144
0.004713388625532389 0.0017007619608193636
0.010458064265549183 0.008016031235456467
0.019254708662629128 0.0015983828343451023
0.010360656306147575 0.009242502972483635
0.02036907710134983 0.0016300366260111332
0.06076750531792641 0.009550996124744415
0.004494464956223965 0.0014423738466575742
0.008046118542551994 0.008621224202215672
0.022595789283514023 0.0014412382151931524
0.02741500735282898 0.0062679932452738285
0.023323357105255127 0.0014606434851884842
0.009832294657826424 0.005831962451338768
0.019392255693674088 0.001259582699276507
0.029979290440678596 0.003992502577602863
0.03287964314222336 0.004749450832605362
0.0240902379155159 0.0009924822952598333
0.03357130289077759 0.003823244711384177
0.0065142433159053326 0.004803773015737534
