0.002245610114187002 0.02128899097442627
0.0028048595413565636 0.01608123444020748
0.0036626209039241076 0.016872983425855637
0.0034053020644932985 0.04979276657104492
0.0030158855952322483 0.07180176675319672
0.004450881388038397 0.020776256918907166
0.0021561840549111366 0.045683495700359344
0.004464185796678066 0.02528078854084015
0.002546244766563177 0.04333299770951271
0.0027400171384215355 0.07542277872562408
0.0033137607388198376 0.019181163981556892
0.14754627645015717 0.016854241490364075
0.14747951924800873 0.016114873811602592
0.5314736366271973 0.12390919029712677
0.7343324422836304 0.18648214638233185
0.00616485858336091 0.02889137901365757
0.0066216690465807915 0.025806576013565063
0.08469817042350769 0.04949794337153435
0.46817708015441895 0.03193579241633415
0.08185639977455139 0.013357610441744328
0.2965620458126068 0.019184883683919907
0.7211081385612488 0.082543283700943
0.533062756061554 0.07554219663143158
0.7400084733963013 0.13451918959617615
0.18229883909225464 0.028030045330524445
0.5261706113815308 0.1359524130821228
0.13763472437858582 0.025674792006611824
0.018792109563946724 0.017955997958779335
0.025773808360099792 0.049414653331041336
0.030764281749725342 0.0498347133398056
0.003082116600126028 0.016965635120868683
0.11201215535402298 0.05903307721018791
0.023504186421632767 0.01745585724711418
0.0033382687252014875 0.06278561055660248
0.014372626319527626 0.01950758881866932
0.028796851634979248 0.035309430211782455
0.03424980863928795 0.00993714015930891
0.07797535508871078 0.06329861283302307
0.002024788176640868 0.037762563675642014
0.017469143494963646 0.012746119871735573
0.4196597933769226 0.08532550185918808
0.12866505980491638 0.005374806001782417
0.04755730554461479 0.010703685693442822
0.17361681163311005 0.024659529328346252
0.04486573487520218 0.010172457434237003
0.12329822033643723 0.028709830716252327
0.0444507822394371 0.01027484331279993
0.045966826379299164 0.01571284979581833
0.1875789314508438 0.029432611539959908
0.05153488740324974 0.008853566832840443
0.054801035672426224 0.005238261539489031
0.12370230257511139 0.0237441323697567
0.0674685686826706 0.01764681003987789
0.029577359557151794 0.02081422694027424
0.01590898260474205 0.007867556065320969
0.25368985533714294 0.015316072851419449
0.07373958826065063 0.020731469616293907
0.00579928420484066 0.007400683593004942
0.02530105784535408 0.027212152257561684
0.017146991565823555 0.005179420113563538
0.015258566476404667 0.01508356723934412
0.05918244644999504 0.005004750099033117
0.15330897271633148 0.022421877831220627
0.05349340662360191 0.01251380704343319
0.08241722732782364 0.0067570265382528305
0.15233954787254333 0.012064577080309391
0.13298961520195007 0.016296762973070145
0.055622465908527374 0.005763699300587177
0.09997010231018066 0.017027094960212708
0.007366730831563473 0.005724850110709667
0.029856454581022263 0.03473224490880966
0.031148042529821396 0.004559786524623632
0.28251713514328003 0.007614654954522848
0.13047200441360474 0.02322426252067089
0.010215739719569683 0.004671549890190363
0.14874376356601715 0.017324090003967285
0.03294188529253006 0.004127999767661095
0.04775236174464226 0.013438464142382145
0.021393127739429474 0.004488650243729353
0.028598885983228683 0.012455671094357967
0.024112077429890633 0.004196677822619677
0.14488907158374786 0.016285240650177002
0.05853259190917015 0.0038765440694987774
0.032911255955696106 0.006644090637564659
0.059656959027051926 0.006952475290745497
0.024827763438224792 0.006565175484865904
0.03196989372372627 0.010684225708246231
0.027732647955417633 0.003103076945990324
0.08398445695638657 0.004516647197306156
0.04771873727440834 0.005251036025583744
0.239676371216774 0.011870740912854671
0.09602473676204681 0.0023537783417850733
0.07877703756093979 0.006855954881757498
0.050352174788713455 0.006816489156335592
0.006666132714599371 0.008955230005085468
0.05019303038716316 0.00223845848813653
0.057245004922151566 0.006556514650583267
0.027690071612596512 0.006072135642170906
0.05397246778011322 0.0073101413436234
0.026370834559202194 0.00234159710817039
