13.07177734375 114.4423599243164
9.99490737915039 47.91537857055664
7.404076099395752 12.109232902526855
8.558809280395508 8.205945014953613
14.963237762451172 16.279285430908203
7.774724960327148 36.332313537597656
12.146223068237305 117.67972564697266
9.394784927368164 55.44520568847656
11.274158477783203 28.045780181884766
12.115720748901367 0.25745370984077454
8.575910568237305 78.76541137695312
5.162102699279785 2.0246777534484863
12.631786346435547 74.36112976074219
16.072046279907227 69.09717559814453
20.57193946838379 7.567753791809082
10.097119331359863 221.83056640625
4.685454368591309 88.2733383178711
8.025749206542969 15.582388877868652
15.623076438903809 176.18045043945312
6.919761657714844 37.307342529296875
8.247517585754395 15.070381164550781
17.08513641357422 251.42091369628906
12.15256118774414 15.95146656036377
11.8770751953125 70.20895385742188
33.550262451171875 24.756437301635742
17.20307159423828 46.06110763549805
13.588659286499023 95.5423812866211
17.66168785095215 72.69214630126953
24.79595947265625 9.692209243774414
9.522638320922852 29.581012725830078
8.526494979858398 20.87335205078125
20.315265655517578 127.32821655273438
11.865687370300293 54.98737716674805
13.577031135559082 26.359180450439453
10.449872970581055 16.560300827026367
23.760160446166992 45.721073150634766
15.02648639678955 38.65039825439453
27.154403686523438 6.076092720031738
15.469393730163574 33.56830596923828
21.383731842041016 96.98789978027344
24.282428741455078 13.722403526306152
14.105835914611816 222.36500549316406
10.971960067749023 116.74888610839844
30.94956398010254 170.509521484375
24.79707145690918 67.92584991455078
14.464080810546875 30.17414665222168
18.052043914794922 170.41110229492188
22.866779327392578 108.16197204589844
27.56850814819336 153.70822143554688
18.753385543823242 28.876798629760742
27.713436126708984 97.01289367675781
24.80352020263672 25.542890548706055
22.091123580932617 36.335514068603516
15.651481628417969 44.41724395751953
10.585439682006836 63.52257537841797
20.31805419921875 28.14963150024414
22.734600067138672 19.559797286987305
11.486852645874023 16.99687385559082
20.21002769470215 12.3986234664917
25.435623168945312 124.68467712402344
25.217914581298828 52.15149688720703
42.97496795654297 60.02020263671875
11.945003509521484 40.31819152832031
21.117948532104492 5.59461784362793
13.865011215209961 28.834611892700195
18.284626007080078 58.64878463745117
34.23394012451172 27.165632247924805
20.10155487060547 22.027170181274414
15.916586875915527 98.80250549316406
22.715473175048828 29.01821517944336
34.16402053833008 35.04032897949219
9.396258354187012 157.5290985107422
37.82966995239258 94.54299926757812
24.33149528503418 45.11262893676758
17.452301025390625 27.18482780456543
17.41568374633789 3.931814432144165
37.84046173095703 72.67459106445312
21.888988494873047 190.66659545898438
28.807371139526367 48.17176055908203
21.278671264648438 198.34542846679688
20.4857234954834 134.05926513671875
18.986536026000977 12.953569412231445
14.424276351928711 100.5075912475586
18.276302337646484 69.89108276367188
15.293680191040039 42.58356475830078
22.253719329833984 263.7204895019531
14.307461738586426 16.5052547454834
10.791967391967773 12.889198303222656
31.001583099365234 42.258338928222656
36.37834930419922 20.74521255493164
18.86359214782715 15.239144325256348
18.819904327392578 18.175331115722656
14.116591453552246 19.586469650268555
5.879277229309082 49.174163818359375
34.4753532409668 81.5118179321289
19.562440872192383 274.3722839355469
11.706287384033203 15.456535339355469
15.382556915283203 86.80625915527344
18.995473861694336 107.88966369628906
14.643742561340332 22.010730743408203
