15.355926513671875 878.9603271484375
6.9292802810668945 135.25149536132812
7.5029096603393555 12.993882179260254
11.984933853149414 558.4439697265625
17.069543838500977 681.8041381835938
11.979680061340332 340.2642517089844
6.6035284996032715 264.9183654785156
18.169124603271484 322.9706726074219
8.826476097106934 11.944079399108887
8.106388092041016 231.9674835205078
12.924237251281738 611.4328002929688
11.267454147338867 802.2286987304688
15.28345012664795 44.68955612182617
15.951183319091797 63.805885314941406
12.199043273925781 693.575927734375
18.41986656188965 713.9954833984375
18.312665939331055 698.4642944335938
7.165957450866699 4.072319984436035
9.410040855407715 112.34992980957031
13.858753204345703 397.1802673339844
9.79053020477295 84.7201156616211
12.984410285949707 0.5156257152557373
7.652973175048828 68.89347076416016
6.728888988494873 1283.911376953125
8.401936531066895 71.3553237915039
19.963468551635742 551.4713745117188
14.83291244506836 200.78802490234375
16.72246551513672 90.55628204345703
16.164480209350586 727.991455078125
17.684572219848633 128.8927459716797
17.445308685302734 34.44365692138672
14.075153350830078 603.529296875
16.71894073486328 642.5094604492188
11.367532730102539 196.41278076171875
8.70595932006836 42.62192916870117
22.391679763793945 460.7958068847656
12.795966148376465 85.20284271240234
15.322649955749512 234.6317596435547
23.869985580444336 5.114279270172119
10.410859107971191 359.5747375488281
16.684438705444336 292.6046447753906
11.834174156188965 164.34657287597656
13.706027030944824 808.6453247070312
21.434419631958008 1289.380615234375
15.574902534484863 94.58356475830078
7.560997486114502 697.6444702148438
13.915743827819824 929.3772583007812
12.96938419342041 998.0526733398438
14.353686332702637 84.31400299072266
22.089853286743164 36.66775894165039
16.91480255126953 86.42056274414062
16.711809158325195 23.22376823425293
10.800421714782715 243.16885375976562
13.905572891235352 580.4515380859375
9.6852445602417 1162.602783203125
28.709049224853516 36.41028594970703
14.462175369262695 150.48602294921875
23.6911563873291 2.5309460163116455
9.266897201538086 793.69677734375
7.022914886474609 354.1995544433594
24.380294799804688 1087.4503173828125
27.0355224609375 322.6312255859375
35.537479400634766 73.03900146484375
36.050941467285156 867.88330078125
25.276769638061523 729.863037109375
21.54015350341797 110.45014953613281
26.347932815551758 1199.99755859375
36.387420654296875 563.57373046875
24.146684646606445 134.54779052734375
26.370338439941406 156.0690460205078
18.953975677490234 159.43785095214844
28.76115608215332 717.5250244140625
15.619202613830566 591.7752075195312
27.687210083007812 297.6330261230469
28.71436309814453 75.82566833496094
24.754541397094727 0.7375773787498474
21.50847625732422 75.99356079101562
17.81772232055664 558.9256591796875
21.672435760498047 682.2756958007812
24.702533721923828 893.7297973632812
31.118385314941406 95.96552276611328
27.283811569213867 24.555360794067383
18.007036209106445 692.6754150390625
22.45074462890625 638.6075439453125
30.0557861328125 0.11618612706661224
41.8662109375 1156.393798828125
34.563995361328125 30.467479705810547
27.70937156677246 652.1309204101562
29.478172302246094 497.216796875
38.54707717895508 37.43857192993164
36.92003631591797 205.27410888671875
36.43315887451172 727.7127685546875
30.476957321166992 1228.61083984375
25.687713623046875 1.647383451461792
15.128767013549805 179.54989624023438
34.13492965698242 197.29417419433594
31.41135025024414 333.71368408203125
47.762176513671875 737.6890258789062
21.806692123413086 116.3172607421875
39.16157913208008 766.7001953125
