10.745376586914062 267.4011535644531
10.59555435180664 478.7138977050781
11.217045783996582 181.4136505126953
18.72430419921875 11.802716255187988
17.37928581237793 114.81458282470703
12.033613204956055 562.5685424804688
22.40938949584961 263.5556640625
15.86559772491455 205.31796264648438
12.448274612426758 7.464574813842773
11.237597465515137 197.02333068847656
10.295146942138672 265.51947021484375
6.391019821166992 6.777786731719971
11.394248962402344 176.16749572753906
16.119916915893555 39.526248931884766
9.019401550292969 407.55914306640625
10.003457069396973 324.0009460449219
7.813887596130371 26.307537078857422
11.439567565917969 63.884761810302734
16.920862197875977 26.694355010986328
7.092275619506836 28.482070922851562
5.533758163452148 16.85757064819336
16.89157485961914 436.3365783691406
14.143926620483398 143.07496643066406
25.464080810546875 6.966536998748779
9.394899368286133 24.648462295532227
7.4416704177856445 9.568513870239258
9.921128273010254 32.372779846191406
6.924797058105469 104.25293731689453
25.589948654174805 10.062990188598633
11.541790008544922 95.76732635498047
18.23050880432129 28.204429626464844
17.934907913208008 35.35413360595703
12.471163749694824 7.759195804595947
9.762702941894531 2.2961623668670654
15.390250205993652 506.74066162109375
7.722412109375 222.36276245117188
17.772666931152344 52.33284378051758
17.149837493896484 16.69040298461914
11.846614837646484 318.43939208984375
10.263492584228516 20.82035255432129
10.487712860107422 194.55711364746094
6.368414878845215 218.64601135253906
12.237907409667969 337.23651123046875
15.021272659301758 14.551335334777832
13.043562889099121 336.1791076660156
18.382259368896484 27.464651107788086
5.615694046020508 9.182799339294434
9.330490112304688 201.86032104492188
12.826784133911133 266.1975402832031
9.200189590454102 7.687688827514648
17.94305992126465 363.98773193359375
10.587728500366211 3.6104564666748047
8.340171813964844 148.8058624267578
7.328849792480469 173.7600555419922
12.167189598083496 34.815242767333984
9.169700622558594 149.86988830566406
13.233491897583008 168.1907501220703
17.323503494262695 320.7383728027344
13.841062545776367 82.14144897460938
15.47882080078125 25.897125244140625
33.92326354980469 254.7084197998047
14.562902450561523 187.47157287597656
14.406312942504883 76.78678894042969
21.077007293701172 13.099617958068848
24.850183486938477 3.2631192207336426
16.61464500427246 231.60838317871094
15.4139404296875 460.63189697265625
17.060483932495117 149.57066345214844
16.08123016357422 132.7171173095703
7.480526924133301 36.28248977661133
11.251941680908203 274.51190185546875
17.84172821044922 261.41949462890625
10.870009422302246 43.209678649902344
37.28412628173828 254.0720977783203
14.936355590820312 117.86347198486328
29.794218063354492 13.313782691955566
13.233200073242188 161.86158752441406
17.644119262695312 177.9222869873047
32.0074462890625 241.26205444335938
10.995237350463867 196.54248046875
25.171052932739258 231.1223602294922
17.387563705444336 65.77227020263672
15.248483657836914 12.647150039672852
23.567956924438477 280.59442138671875
18.70782470703125 17.237106323242188
22.349529266357422 10.081048011779785
26.371479034423828 71.17662048339844
26.8138484954834 180.4463348388672
36.51985168457031 350.72979736328125
26.753040313720703 173.94493103027344
15.766332626342773 73.44889068603516
26.78908920288086 200.61705017089844
25.00033950805664 72.00691223144531
12.431382179260254 129.48060607910156
17.955726623535156 120.66354370117188
25.439666748046875 304.578857421875
31.875072479248047 138.58909606933594
30.20408821105957 245.2244873046875
28.168254852294922 38.8740119934082
14.737810134887695 12.110355377197266
