10.809978485107422 1.8901304006576538
5.736507892608643 28.131044387817383
10.341872215270996 66.52584075927734
7.84678840637207 31.965862274169922
3.1510329246520996 0.9726598262786865
10.716453552246094 184.98529052734375
8.819904327392578 70.14759063720703
15.951096534729004 28.948816299438477
7.718423843383789 12.59700870513916
10.703831672668457 25.68736457824707
4.739079475402832 187.3004608154297
12.079118728637695 14.05056381225586
6.128119945526123 10.994297981262207
11.919294357299805 13.44781494140625
9.097392082214355 36.47987365722656
20.490787506103516 146.17417907714844
7.5579609870910645 1.18531334400177
7.634463310241699 6.015063762664795
9.573486328125 62.667659759521484
8.522405624389648 122.75511169433594
14.951495170593262 164.2723846435547
10.64235782623291 81.92823028564453
8.723959922790527 1.6541800498962402
9.357769966125488 0.6376732587814331
8.243570327758789 27.397579193115234
5.8853912353515625 397.2264709472656
16.320167541503906 153.95921325683594
7.673785209655762 0.5775282382965088
8.699321746826172 75.74374389648438
12.054839134216309 346.67059326171875
12.155557632446289 62.14983367919922
7.938267230987549 118.00428009033203
8.12161922454834 5.233143329620361
8.50940227508545 180.31678771972656
8.400285720825195 3.338986873626709
6.204066276550293 72.52056884765625
9.908336639404297 169.01170349121094
10.677972793579102 47.81880187988281
7.876615524291992 10.396565437316895
9.072625160217285 151.59288024902344
6.957687854766846 0.8415288329124451
12.780205726623535 7.071175575256348
7.129958152770996 11.585478782653809
8.253276824951172 21.275388717651367
12.507759094238281 159.12039184570312
5.8426194190979 0.04944280534982681
13.016303062438965 20.313669204711914
9.038566589355469 382.8151550292969
7.158596515655518 52.4140625
9.028870582580566 174.97146606445312
9.942558288574219 189.2342987060547
11.405902862548828 423.4731750488281
19.90587615966797 91.58255767822266
6.204644203186035 51.37699508666992
6.461374282836914 4.753339767456055
8.8585786819458 57.8670539855957
8.28795051574707 525.99658203125
6.377339839935303 44.50406265258789
9.103300094604492 8.17717170715332
14.57649040222168 127.8857650756836
6.650439262390137 331.46112060546875
10.160888671875 67.49252319335938
10.643497467041016 216.18959045410156
6.9511213302612305 71.5625228881836
11.303021430969238 66.7977066040039
9.891061782836914 0.2991657257080078
7.404813766479492 127.90513610839844
8.14372730255127 176.88218688964844
7.573880672454834 0.3879726827144623
11.524776458740234 199.73300170898438
9.164816856384277 162.83912658691406
6.981205940246582 196.3710479736328
10.437154769897461 12.942906379699707
5.21817684173584 0.3248696029186249
13.827028274536133 191.93531799316406
19.47649383544922 54.81850051879883
14.738998413085938 129.04347229003906
9.218928337097168 7.948644161224365
19.05870819091797 176.93484497070312
10.374465942382812 272.37591552734375
12.927190780639648 166.9604034423828
14.416934967041016 0.196124866604805
9.706979751586914 140.36422729492188
11.336271286010742 128.2438201904297
7.790530204772949 69.99176025390625
8.846724510192871 191.01145935058594
11.055177688598633 157.42376708984375
16.70218276977539 159.55238342285156
14.042289733886719 126.15486907958984
21.256582260131836 41.277809143066406
14.67862606048584 49.79157257080078
15.928741455078125 516.428466796875
13.89979362487793 2.095611333847046
6.335065841674805 5.929042339324951
10.002679824829102 352.48681640625
14.849775314331055 227.0230712890625
14.345786094665527 0.06980423629283905
23.05044937133789 43.90616989135742
26.082366943359375 226.606201171875
8.777050018310547 296.89898681640625
