9.032876014709473 36.257606506347656
12.022994041442871 118.65650939941406
13.583681106567383 13.091134071350098
5.417341232299805 6.708498001098633
18.159805297851562 77.77763366699219
15.773653984069824 46.1005744934082
14.43586540222168 9.2405366897583
13.085712432861328 13.894128799438477
7.567731857299805 37.147178649902344
6.696120738983154 9.697588920593262
12.713762283325195 0.7035869359970093
13.07625675201416 15.375743865966797
10.623391151428223 33.04142379760742
8.211533546447754 20.1053409576416
18.743366241455078 20.28136444091797
8.427428245544434 10.19080638885498
12.851603507995605 9.792339324951172
6.768091201782227 13.1414155960083
9.807475090026855 107.55848693847656
13.651104927062988 22.788005828857422
15.318214416503906 85.80817413330078
11.211670875549316 14.772906303405762
16.094039916992188 58.555198669433594
18.705015182495117 73.32723999023438
6.503583908081055 112.10675048828125
8.470222473144531 70.43951416015625
12.466137886047363 11.294656753540039
7.7619733810424805 11.258742332458496
8.387871742248535 41.027652740478516
9.359870910644531 17.889509201049805
12.821359634399414 225.1941375732422
8.730843544006348 25.46878433227539
11.922351837158203 22.62196922302246
13.515986442565918 21.285486221313477
16.392261505126953 54.26765823364258
13.784990310668945 20.973405838012695
12.431180953979492 32.80314636230469
5.794028282165527 18.565004348754883
5.164366245269775 9.101880073547363
10.104312896728516 20.572416305541992
5.411814212799072 27.30658721923828
14.733976364135742 39.92124938964844
10.095220565795898 22.344213485717773
11.490772247314453 123.65607452392578
5.8058037757873535 122.89498138427734
8.10434341430664 15.014666557312012
6.4043684005737305 16.824871063232422
16.741121292114258 53.2121467590332
16.532331466674805 10.006247520446777
16.855289459228516 14.477434158325195
9.70999526977539 15.718645095825195
13.60439682006836 55.29998779296875
6.732792377471924 15.304242134094238
11.200178146362305 62.372249603271484
18.069557189941406 23.23322296142578
19.902490615844727 78.5633316040039
8.593047142028809 144.1892852783203
10.482585906982422 111.65808868408203
20.14257049560547 10.798367500305176
12.198265075683594 30.330732345581055
16.985321044921875 31.646730422973633
12.161270141601562 20.850215911865234
7.893677711486816 121.27957916259766
10.240302085876465 11.505864143371582
7.293093681335449 23.7301082611084
12.314759254455566 7.58165168762207
21.425369262695312 70.84593963623047
17.594045639038086 12.116138458251953
10.672438621520996 30.929800033569336
9.841792106628418 72.62496185302734
21.959354400634766 4.078360080718994
17.112993240356445 8.48487377166748
12.208972930908203 14.924758911132812
12.850313186645508 23.431560516357422
22.428110122680664 64.20094299316406
28.937599182128906 185.9452362060547
22.90806007385254 32.09453582763672
18.13039207458496 14.481874465942383
10.627248764038086 20.729537963867188
11.511151313781738 8.689284324645996
14.733833312988281 28.3045597076416
29.679302215576172 67.48307800292969
10.556073188781738 6.610095500946045
11.94041633605957 20.691625595092773
19.751007080078125 31.97652816772461
15.143560409545898 126.56819915771484
13.799262046813965 88.19630432128906
17.401187896728516 15.207807540893555
9.312333106994629 137.6895294189453
9.191643714904785 7.663941860198975
21.10816192626953 77.88108825683594
8.54755687713623 17.03282356262207
16.98102569580078 22.500389099121094
24.838809967041016 50.272674560546875
15.627934455871582 34.084163665771484
19.13097381591797 49.280338287353516
9.330744743347168 61.203365325927734
4.142689228057861 97.15355682373047
10.140646934509277 27.3806209564209
12.170371055603027 16.544458389282227
