0.002245610114187002 0.02128899097442627
0.002136447001248598 0.01479371078312397
0.0020713037811219692 0.00960797630250454
0.0020448972936719656 0.0057666790671646595
0.002050194423645735 0.0032321689650416374
0.002075440250337124 0.001906567020341754
0.0021085496991872787 0.0015784177230671048
0.0021402197889983654 0.0019298568367958069
0.002165426267310977 0.002585437847301364
0.0021826843731105328 0.0032118475064635277
0.0021931021474301815 0.003578352043405175
0.0021993336267769337 0.003598433453589678
0.002204759046435356 0.003282710909843445
0.0022129241842776537 0.0027284889947623014
0.002227052813395858 0.0020507618319243193
0.0022495377343147993 0.00137614575214684
0.0022815801203250885 0.0007981664384715259
0.0023233164101839066 0.0003832256479654461
0.002373875817283988 0.00015504058683291078
0.002431799191981554 0.00010426321387058124
0.0024951177183538675 0.00019031490955967456
0.0025614751502871513 0.00035551373730413616
0.002628281945362687 0.0005360477953217924
0.0026930044405162334 0.0006808153702877462
0.0027528428472578526 0.0007550473674200475
0.002805732423439622 0.0007470886339433491
0.0028501669876277447 0.0006653800955973566
0.0028858291916549206 0.0005330789717845619
0.002913365140557289 0.0003805236774496734
0.0029340041801333427 0.000238969485508278
0.0029492515604943037 0.0001335094857495278
0.002960310783237219 7.583304250147194e-05
0.002968007931485772 6.81676683598198e-05
0.002972523681819439 9.936052811099216e-05
0.0029739374294877052 0.00015279039507731795
0.0029722123872488737 0.00020806738757528365
0.002967658219859004 0.0002474591019563377
0.002960982732474804 0.00026109020109288394
0.0029530045576393604 0.0002464029239490628
0.0029443418607115746 0.00020769232651218772
0.0029355946462601423 0.00015719610382802784
0.0029268290381878614 0.00010493053559912369
0.0029177102260291576 6.302907422650605e-05
0.0029080200474709272 3.743849811144173e-05
0.002897264901548624 2.9214446840342134e-05
0.002885555848479271 3.5530218156054616e-05
0.002872980898246169 5.012525070924312e-05
0.002859666245058179 6.55323892715387e-05
0.0028459536843001842 7.614118658239022e-05
0.0028318141121417284 7.808399823261425e-05
0.0028171862941235304 7.088653364917263e-05
0.002802282804623246 5.7426401326665655e-05
0.0027873769868165255 4.035322490381077e-05
0.002772899344563484 2.531209793232847e-05
0.0027596240397542715 1.4549082152370829e-05
0.002748128492385149 9.960220268112607e-06
0.0027386972215026617 1.114869701268617e-05
0.0027313779573887587 1.6150985175045207e-05
0.002726016566157341 2.218594636360649e-05
0.0027224484365433455 2.710039188968949e-05
0.0027205473743379116 2.88459996227175e-05
0.002720228862017393 2.7352318284101784e-05
0.0027215711306780577 2.2649915990768932e-05
0.002724589081481099 1.7368405679007992e-05
0.0027290387079119682 1.2085661182936747e-05
0.002734646899625659 8.569934834667947e-06
0.0027409889735281467 7.264625310199335e-06
0.0027477936819195747 7.831652510503773e-06
0.002754808636382222 9.545906323182862e-06
0.002761970506981015 1.1522333807079121e-05
0.0027692250441759825 1.2743905244860798e-05
0.0027766074053943157 1.2887997399957385e-05
0.0027839764952659607 1.18378629849758e-05
0.002791309729218483 1.0062870387628209e-05
0.002798345871269703 8.010468263819348e-06
0.002805135678499937 6.232933628780302e-06
0.0028117396868765354 5.306891580403317e-06
0.002818356966599822 5.131801117386203e-06
0.002825070172548294 5.513239557330962e-06
0.0028319107368588448 6.229463451745687e-06
0.002838815562427044 6.759250936738681e-06
0.0028455951251089573 6.8580884544644505e-06
0.002852245233952999 6.525888238684274e-06
0.002858821302652359 5.790029263152974e-06
0.0028652288019657135 4.9969448809861206e-06
0.0028714993968605995 4.318814262660453e-06
0.0028776368126273155 3.900386673194589e-06
0.002883395878598094 3.7551808418356813e-06
0.002888768445700407 3.896486305166036e-06
0.0028936557937413454 4.115638148505241e-06
0.0028980409260839224 4.326896487327758e-06
0.0029019901994615793 4.35149513577926e-06
0.0029054731130599976 4.1711527956067584e-06
0.002908692229539156 3.887321781803621e-06
0.0029116191435605288 3.592258053686237e-06
0.0029142515268176794 3.3141975563921733e-06
0.002916668076068163 3.170323225276661e-06
0.0029189554043114185 3.149093572574202e-06
0.0029212413355708122 3.1835322715778602e-06
0.002923649037256837 3.2629900488245767e-06
