0.0015253268647938967 0.019734788686037064
0.0015061440644785762 0.010635287500917912
0.0015254417667165399 0.004609046503901482
0.0015772872138768435 0.001441217609681189
0.0016495478339493275 0.0006255265907384455
0.0017245560884475708 0.0013319088611751795
0.0017851535230875015 0.0026032375171780586
0.0018208504188805819 0.0036782361567020416
0.0018292416352778673 0.0041643776930868626
0.0018133479170501232 0.004010416101664305
0.0017790343845263124 0.0033765831030905247
0.0017329836264252663 0.0025066956877708435
0.0016816460993140936 0.001629913691431284
0.0016306224279105663 0.0009211755823343992
0.0015843728324398398 0.0004705709870904684
0.0015459801070392132 0.0002904821594711393
0.0015171273844316602 0.00033382049878127873
0.0014981974381953478 0.0005164453177712858
0.00148862530477345 0.0007449791301041842
0.001487100962549448 0.0009367153979837894
0.0014920495450496674 0.0010315696708858013
0.0015018433332443237 0.0010081961518153548
0.0015151607804000378 0.0008748144609853625
0.0015309581067413092 0.0006724025006406009
0.0015484211035072803 0.00044799866736866534
0.0015669101849198341 0.000250144861638546
0.0015857050893828273 0.00011651407839963213
0.0016039470210671425 6.548227975144982e-05
0.0016206735745072365 9.152843267656863e-05
0.00163483084179461 0.00017136156384367496
0.0016453794669359922 0.0002682585909496993
0.0016516377218067646 0.0003461205633357167
0.0016533636953681707 0.0003778784302994609
0.0016508637927472591 0.0003530088870320469
0.0016448469832539558 0.00028488089446909726
0.0016363554168492556 0.00019534026796463877
0.0016264531295746565 0.00011307324166409671
0.0016161492094397545 5.821036029374227e-05
0.0016061762580648065 4.1091163438977674e-05
0.0015970906242728233 5.753066943725571e-05
0.001589182997122407 9.251562732970342e-05
0.0015826367307454348 0.00012817590322811157
0.0015776172513142228 0.00014885654672980309
0.0015742562245577574 0.00014941973495297134
0.001572748296894133 0.00013082035002298653
0.0015731265302747488 0.00010086993279401213
0.0015753835905343294 7.08971856511198e-05
0.0015792956110090017 4.764918776345439e-05
0.0015844004228711128 3.617067341110669e-05
0.0015901046572253108 3.569928230717778e-05
0.0015956885181367397 4.2896401282632723e-05
0.0016004664357751608 5.306612729327753e-05
0.001603760290890932 6.0934853536309674e-05
0.0016051563434302807 6.42074373899959e-05
0.0016044192016124725 6.061885869712569e-05
0.0016015716828405857 5.228312511462718e-05
0.0015969499945640564 4.1434410377405584e-05
0.0015910479705780745 3.150468910462223e-05
0.0015844882000237703 2.5348041162942536e-05
0.0015779596287757158 2.418628537270706e-05
0.0015721446834504604 2.720731936278753e-05
0.0015675476752221584 3.225149339414202e-05
0.0015645750099793077 3.620682400651276e-05
0.0015633661532774568 3.771276169572957e-05
0.0015639131888747215 3.5574339563027024e-05
0.0015660031931474805 3.101401307503693e-05
0.0015692554879933596 2.6001451260526665e-05
0.00157316611148417 2.2523505322169513e-05
0.001577249146066606 2.131864857801702e-05
0.0015809766482561827 2.2120264475233853e-05
0.0015839228872209787 2.3938688173075207e-05
0.0015858008991926908 2.5437602744204924e-05
0.0015865112654864788 2.591002885310445e-05
0.0015861454885452986 2.5032994017237797e-05
0.0015849507180973887 2.3341606720350683e-05
0.0015832111239433289 2.1478663256857544e-05
0.0015812756028026342 1.977685678866692e-05
0.0015794684877619147 1.9025210349354893e-05
0.0015780613757669926 1.8794587958836928e-05
0.001577239017933607 1.904338387248572e-05
0.0015770840691402555 1.9410124878049828e-05
0.0015775894280523062 1.9602919564931653e-05
0.0015786569565534592 1.9397431969991885e-05
0.0015801360132172704 1.8641499991645105e-05
0.0015818900428712368 1.7796954125515185e-05
0.0015837347600609064 1.695056926109828e-05
0.0015855396632105112 1.631222949072253e-05
0.0015872009098529816 1.6167872672667727e-05
0.0015886054607108235 1.628981226531323e-05
0.0015897260745987296 1.6385203707613982e-05
0.0015905273612588644 1.641406379349064e-05
0.001591043546795845 1.6061845599324442e-05
0.0015913016395643353 1.552807771076914e-05
0.0015913242241367698 1.5001229257904924e-05
0.0015911859227344394 1.4599610949517228e-05
0.0015909753274172544 1.4269440725911409e-05
0.0015907667111605406 1.4215299415809568e-05
0.0015906484331935644 1.4181609913066495e-05
0.0015906736953184009 1.4073052625462878e-05
0.0015909153735265136 1.3874074284103699e-05
