0.001963592367246747 0.010120539925992489
0.0019864700734615326 0.0013670531334355474
0.002005538670346141 0.0076782796531915665
0.001995001221075654 0.004368406254798174
0.0019772304221987724 0.0004597867373377085
0.001965141389518976 0.0013741696020588279
0.0019602254033088684 0.0037792022339999676
0.0019591236487030983 0.003399828216060996
0.0019610251765698195 0.0012797373346984386
0.0019661758560687304 0.0002306147216586396
0.0019724462181329727 0.0010978919453918934
0.00197556777857244 0.00221692631021142
0.0019731437787413597 0.002031756332144141
0.0019663714338093996 0.0009145571966655552
0.0019584859255701303 0.0002320564235560596
0.0019521245267242193 0.0005847064312547445
0.0019480532500892878 0.001280572498217225
0.0019461222691461444 0.0013526220573112369
0.0019459696486592293 0.0007661971030756831
0.0019473906140774488 0.00025418895529583097
0.0019495221786201 0.00033999464358203113
0.0019508099649101496 0.0007598066003993154
0.001949660712853074 0.0009099432500079274
0.0019459917675703764 0.0006095604621805251
0.001940920134074986 0.00025842420291155577
0.0019359271973371506 0.00024980641319416463
0.0019320710562169552 0.0004982927930541337
0.0019295739475637674 0.0006260324153117836
0.0019283234141767025 0.0004634975630324334
0.0019281231798231602 0.0002354846365051344
0.0019284384325146675 0.00021785765420645475
0.0019283629953861237 0.0003740105021279305
0.0019269895274192095 0.0004491640138439834
0.0019240803085267544 0.00034332333598285913
0.0019203247502446175 0.00020486323046498
0.0019165276316925883 0.00020669851801358163
0.0019134175963699818 0.00030837225494906306
0.001911159954033792 0.00033633390557952225
0.0019097812473773956 0.0002553831727709621
0.0019089521374553442 0.00018062969320453703
0.0019082785584032536 0.0002014012134168297
0.0019071106798946857 0.0002645998611114919
0.0019050671253353357 0.00025859917514026165
0.001902226940728724 0.00019875160069204867
0.001899071503430605 0.00016775881522335112
0.0018961483146995306 0.0001979070802917704
0.0018937881104648113 0.00022724794689565897
0.0018919776193797588 0.00020378109184093773
0.0018906191689893603 0.00016518929623998702
0.0018894318491220474 0.00016439234605059028
0.0018880123971030116 0.0001888657861854881
0.0018860355485230684 0.0001915532338898629
0.0018835869850590825 0.00016619855887256563
0.0018809024477377534 0.00015124659694265574
0.0018783720443025231 0.00016384548507630825
0.0018761561950668693 0.0001733629615046084
0.0018743177643045783 0.00016157847130671144
0.001872747321613133 0.0001454532757634297
0.0018712549936026335 0.00014754931908100843
0.001869589788839221 0.00015708489809185266
0.0018675450701266527 0.00015238636115100235
0.0018653178121894598 0.00014041498070582747
0.0018629839178174734 0.0001378224405925721
0.0018608493264764547 0.00014339812332764268
0.001858902396634221 0.00014337277389131486
0.001857222057878971 0.00013458769535645843
0.0018556449795141816 0.00013042028876952827
0.0018540170276537538 0.00013407261576503515
0.0018521520541980863 0.00013388491061050445
0.0018501491285860538 0.00012820717529393733
0.0018480746075510979 0.00012409189366735518
0.001846050494350493 0.0001255254610441625
0.00184414885006845 0.0001262427686015144
0.0018424130976200104 0.0001222000428242609
0.0018407751340419054 0.00011827896378235891
0.0018391255289316177 0.00011894654744537547
0.0018374237697571516 0.00011873349285451695
0.0018355983775109053 0.0001156834332505241
0.0018336563371121883 0.00011291219561826438
0.0018317922949790955 0.00011267492664046586
0.001830043038353324 0.0001123053370974958
0.0018283575773239136 0.00010978608770528808
0.0018267268314957619 0.00010751507943496108
0.0018251375295221806 0.00010708234185585752
0.0018234464805573225 0.00010646831651683897
0.0018217449542135 0.00010439575999043882
0.0018199700862169266 0.00010271612700307742
0.001818262506276369 0.00010225594451185316
0.00181663129478693 0.0001010832202155143
0.001815029769204557 9.940675226971507e-05
0.0018134729471057653 9.798356768442318e-05
0.0018119546584784985 9.732627222547308e-05
0.001810385612770915 9.611340647097677e-05
0.001808763830922544 9.461086301598698e-05
0.0018071281956508756 9.339957614429295e-05
0.0018055280670523643 9.279866935685277e-05
0.0018040065187960863 9.151748236035928e-05
0.0018024739110842347 9.013188537210226e-05
0.0018010071944445372 8.913374767871574e-05
0.0017995417583733797 8.834157779347152e-05
