0.0020139908883720636 0.29525014758110046
0.00183323142118752 0.2105863392353058
0.0016928010154515505 0.13373394310474396
0.0015922535676509142 0.07238679379224777
0.001531341578811407 0.030747462064027786
0.001507218461483717 0.007501814514398575
0.0015140718314796686 4.693609298556112e-05
0.0015431096544489264 0.004375301767140627
0.001583376550115645 0.015483088791370392
0.0016238397220149636 0.02831709198653698
0.0016558009665459394 0.038867924362421036
0.001674385042861104 0.04471471905708313
0.001678575063124299 0.045330122113227844
0.0016702108550816774 0.04129664972424507
0.0016526896506547928 0.034027665853500366
0.0016300305724143982 0.025176651775836945
0.0016060402849689126 0.016314968466758728
0.0015839259140193462 0.00876806303858757
0.0015659505734220147 0.0033814741764217615
0.0015532707329839468 0.000536898267455399
0.0015460846479982138 0.00012113679986214265
0.0015436389949172735 0.0016157282516360283
0.0015445708995684981 0.004234501626342535
0.001547283842228353 0.007102875970304012
0.0015503375325351954 0.009462055750191212
0.0015526760835200548 0.010782541707158089
0.0015538409352302551 0.010845315642654896
0.001553905545733869 0.009763884358108044
0.0015533155528828502 0.007835672236979008
0.0015527787618339062 0.005528963636606932
0.0015529802767559886 0.00329166604205966
0.0015544514171779156 0.0015053409151732922
0.0015573800774291158 0.0003899835282936692
0.0015616388991475105 1.3949870663054753e-05
0.0015667955158278346 0.0002717638562899083
0.0015722081298008561 0.0009513017139397562
0.0015771554317325354 0.0017723932396620512
0.0015810256591066718 0.002495139604434371
0.00158339471090585 0.0029227202758193016
0.001584093552082777 0.0029682146850973368
0.0015832362696528435 0.002660451689735055
0.0015811342746019363 0.002093961928039789
0.0015782378613948822 0.0014106233138591051
0.0015750229358673096 0.0007752121309749782
0.0015719435177743435 0.00029832450672984123
0.0015692566521465778 4.929405258735642e-05
0.0015671763103455305 3.054851549677551e-05
0.0015657150652259588 0.0001879216288216412
0.001564821694046259 0.000432098051533103
0.0015643673250451684 0.0006796663510613143
0.0015642647631466389 0.0008446925203315914
0.0015644134255126119 0.0008883950067684054
0.0015647773398086429 0.0008101325365714729
0.0015653764130547643 0.000640525424387306
0.0015662070363759995 0.00042476129601709545
0.001567293656989932 0.00022474845172837377
0.0015686170663684607 8.221519965445623e-05
0.0015700891381129622 1.696441540843807e-05
0.0015716233756393194 2.649424277478829e-05
0.001573072513565421 9.008467168314382e-05
0.0015742876566946507 0.0001723614550428465
0.0015751795144751668 0.00024653421132825315
0.0015756719512864947 0.00028391811065375805
0.0015757579822093248 0.0002797323977574706
0.0015754707856103778 0.00023527008306700736
0.001574895461089909 0.00016887731908354908
0.001574143418110907 9.806940943235531e-05
0.0015733225736767054 4.3967633246211335e-05
0.0015725146513432264 1.6229492757702246e-05
0.0015718068461865187 1.4802437362959608e-05
0.001571247004903853 3.438635394559242e-05
0.0015708485152572393 6.249992293305695e-05
0.001570630120113492 8.775502647040412e-05
0.0015705903060734272 0.00010111520532518625
0.0015707024140283465 9.896622214000672e-05
0.0015709507279098034 8.363188680959865e-05
0.0015713393222540617 6.069810478948057e-05
0.0015718275681138039 3.706695861183107e-05
0.0015723840333521366 1.9948807675973512e-05
0.001572962966747582 1.2600432455656119e-05
0.0015735195484012365 1.4560557247023098e-05
0.0015740088419988751 2.23866845772136e-05
0.001574411173351109 3.23740387102589e-05
0.0015746734570711851 3.992170968558639e-05
0.0015748110599815845 4.265140159986913e-05
0.0015748232835903764 4.001354318461381e-05
0.001574730733409524 3.264065890107304e-05
0.0015745438868179917 2.3875334591139108e-05
0.00157431629486382 1.6891423001652583e-05
0.0015740642556920648 1.2753029295708984e-05
0.0015738469082862139 1.2374474863463547e-05
0.0015736764762550592 1.4571867723134346e-05
0.001573552144691348 1.8251626897836104e-05
0.0015735073247924447 2.126111212419346e-05
0.001573527930304408 2.275093356729485e-05
0.0015736138448119164 2.1999876480549574e-05
0.0015737646026536822 1.9414330381550826e-05
0.0015739736845716834 1.6443602362414822e-05
0.0015742111718282104 1.3731721992371604e-05
0.001574462978169322 1.225442156282952e-05
