0.001747802016325295 0.020259996876120567
0.0016322345472872257 0.013199674896895885
0.0015149606624618173 0.008315373212099075
0.0014328216202557087 0.005475237034261227
0.0013807350769639015 0.004214291926473379
0.0013489746488630772 0.0038535702042281628
0.001327503239735961 0.0038147459272295237
0.001309119863435626 0.0037646859418600798
0.0012904929462820292 0.0035407005343586206
0.0012710841838270426 0.003109142417088151
0.0012519471347332 0.002537989057600498
0.0012344913557171822 0.0019189286977052689
0.0012198936892673373 0.0013831185642629862
0.001208797562867403 0.001010960666462779
0.001201252220198512 0.0008485782891511917
0.0011966886231675744 0.0008821571827866137
0.0011942809214815497 0.001049199141561985
0.0011930792825296521 0.0012600243790075183
0.0011924227001145482 0.0014249016530811787
0.0011922111734747887 0.0014884899137541652
0.001192755065858364 0.0014286449877545238
0.0011946778977289796 0.0012577635934576392
0.0011986851459369063 0.0010216118535026908
0.0012053755344823003 0.0007672172505408525
0.0012150323018431664 0.0005449807504191995
0.001227575819939375 0.00038164720172062516
0.001242547295987606 0.00029325243667699397
0.0012591201812028885 0.0002707101812120527
0.001276322640478611 0.0002888016460929066
0.001293119858019054 0.00032339332392439246
0.0013085731770843267 0.00034693762427195907
0.001322073396295309 0.00034730409970507026
0.0013333044480532408 0.00032208283664658666
0.0013422798365354538 0.0002810841251630336
0.0013491692952811718 0.00023835200408939272
0.0013543295208364725 0.00020688996301032603
0.0013580499216914177 0.0001911573053803295
0.0013606140855699778 0.00019172742031514645
0.001362212235108018 0.00019984913524240255
0.0013630230678245425 0.00020439540094230324
0.0013631817419081926 0.00019840752065647393
0.0013628223678097129 0.0001769709779182449
0.0013621419202536345 0.00014209082291927189
0.0013613828923553228 0.00010114327596966177
0.0013607428409159184 6.191728607518598e-05
0.0013604445848613977 3.376720997039229e-05
0.0013606023276224732 1.9357561541255563e-05
0.0013613073388114572 1.8257489500683732e-05
0.0013625718420371413 2.60871383943595e-05
0.0013644208665937185 3.656993430922739e-05
0.0013668739702552557 4.4177821109769866e-05
0.0013700091512873769 4.599406020133756e-05
0.0013738987036049366 4.1678533307276666e-05
0.0013786357594653964 3.4645108826225623e-05
0.0013843022752553225 2.7051441065850668e-05
0.0013909379485994577 2.15204490814358e-05
0.0013984875986352563 1.9165217963745818e-05
0.0014068660093471408 1.934555075422395e-05
0.0014158935518935323 1.9734790839720517e-05
0.0014254048001021147 1.9339498976478353e-05
0.0014351640129461884 1.708988747850526e-05
0.001444963738322258 1.3379832125792746e-05
0.0014545758021995425 9.014158422360197e-06
0.001463813241571188 5.82649090574705e-06
0.0014724328648298979 4.519381036516279e-06
0.0014802772784605622 5.48487014384591e-06
0.0014871639432385564 7.731752702966332e-06
0.0014929680619388819 9.978059097193182e-06
0.001497595920227468 1.123524361901218e-05
0.0015010775532573462 1.0795638445415534e-05
0.0015034753596410155 9.202351066051051e-06
0.0015048959758132696 6.946123903617263e-06
0.0015054803807288408 4.8124561544682365e-06
0.0015054101822897792 3.409850478419685e-06
0.0015048562781885266 2.814987738020136e-06
0.001503989566117525 2.9521759188355645e-06
0.0015029635978862643 3.264905672040186e-06
0.0015018789563328028 3.386292974028038e-06
0.001500832149758935 3.2458469831908587e-06
0.0014998915139585733 2.837618239937001e-06
0.0014990769559517503 2.4990558813442476e-06
0.0014984160661697388 2.338039166716044e-06
0.0014978866092860699 2.4645726171002025e-06
0.0014974692603573203 2.719054918998154e-06
0.0014971148921176791 3.0038524982956005e-06
0.001496792072430253 2.966598913189955e-06
0.0014964899746701121 2.704677854126203e-06
0.0014961689012125134 2.2485678528028075e-06
0.0014958002138882875 1.7131784488810808e-06
0.0014953676145523787 1.3489550383383175e-06
0.001494844676926732 1.2124220347686787e-06
0.0014942336129024625 1.2584454225361696e-06
0.001493520918302238 1.340202857136319e-06
0.0014926895964890718 1.4874876796966419e-06
0.0014917370863258839 1.4352509651871515e-06
0.001490643247961998 1.3441027704175212e-06
0.0014894094783812761 1.2048968756062095e-06
0.0014880585949867964 1.1198421816516202e-06
0.0014865805860608816 1.0632747944328003e-06
0.0014849990839138627 1.044227133206732e-06
