0.0014464148553088307 0.0010316016850993037
0.0015125657664611936 0.0005525208543986082
0.0016096958424896002 0.00031335451058112085
0.0017173216911032796 0.00025672686751931906
0.0018056700937449932 0.0002925848530139774
0.001852208748459816 0.0003321455151308328
0.0018535347189754248 0.0003295944188721478
0.001819147728383541 0.0002824661205522716
0.0017619580030441284 0.00020834177848882973
0.0016941409558057785 0.0001292419183300808
0.0016256162198260427 6.478718569269404e-05
0.0015639860648661852 2.670029607543256e-05
0.0015145356301218271 1.7751632185536437e-05
0.0014802278019487858 3.042863136215601e-05
0.001461614272557199 5.0731268856907263e-05
0.0014575787354260683 6.475925329141319e-05
0.0014659252483397722 6.539671448990703e-05
0.001484373933635652 5.3764702897751704e-05
0.001510636880993843 3.6986519262427464e-05
0.0015424243174493313 2.3031674572848715e-05
0.001576998271048069 1.737679667712655e-05
0.0016110886353999376 2.0946421500411816e-05
0.0016412592958658934 3.06661386275664e-05
0.0016643007984384894 4.1339153540320694e-05
0.0016780372243374586 4.779499795404263e-05
0.0016816428396850824 4.760564843309112e-05
0.0016757698031142354 4.104304753127508e-05
0.001662266906350851 3.069409285672009e-05
0.0016437523299828172 2.0246799977030605e-05
0.0016231373883783817 1.2737009456031956e-05
0.0016031467821449041 9.551523362461012e-06
0.0015860325656831264 9.975859939004295e-06
0.0015735018532723188 1.186027566291159e-05
0.0015664123930037022 1.2974452147318516e-05
0.0015650949208065867 1.191503724840004e-05
0.0015692398883402348 8.80227435118286e-06
0.0015779410023242235 4.9346185733156744e-06
0.001589848892763257 1.958027951332042e-06
0.001603223499841988 9.112600309890695e-07
0.0016161763342097402 1.8970903283843654e-06
0.0016267865430563688 4.047275524499128e-06
0.0016336271073669195 6.179087904456537e-06
0.0016358382999897003 7.288843789865496e-06
0.001633412903174758 7.0367095759138465e-06
0.0016270688502117991 5.774104465672281e-06
0.001617997302673757 4.261192771082278e-06
0.0016077383188530803 3.187721176800551e-06
0.0015978221781551838 2.8974095584999304e-06
0.0015895429532974958 3.2049631499830866e-06
0.0015838999534025788 3.6431879379961174e-06
0.0015814111102372408 3.6546907722367905e-06
0.0015820714179426432 3.124515615127166e-06
0.0015855012461543083 2.1636212750308914e-06
0.0015909909270703793 1.1881479622388724e-06
0.0015975444111973047 5.847862780683499e-07
0.0016041609924286604 4.907489028482814e-07
0.0016098073683679104 7.816672109584033e-07
0.0016137391794472933 1.1573702067835256e-06
0.0016154823824763298 1.3656161854669335e-06
0.0016151214949786663 1.31613649045903e-06
0.001612944877706468 1.073945099960838e-06
0.0016095673199743032 8.400129445362836e-07
0.0016057966277003288 7.479706596313918e-07
0.001602432457730174 8.562312814319739e-07
0.0016000797040760517 1.0333233149140142e-06
0.0015991441905498505 1.1629449545580428e-06
0.001599789597094059 1.1301174254185753e-06
0.0016018941532820463 9.492831622992526e-07
0.0016051249112933874 7.169695663833409e-07
0.0016089743003249168 5.44383055967046e-07
0.0016128136776387691 4.7603606390111963e-07
0.0016161780804395676 4.980813628208125e-07
0.0016185962595045567 5.453018161460932e-07
0.001619872753508389 5.538327627618855e-07
0.0016199569217860699 5.102106683807506e-07
0.001619099173694849 4.277026732779632e-07
0.001617672387510538 3.7295012589311227e-07
0.0016160758677870035 3.718701861998852e-07
0.001614818931557238 4.12336589761253e-07
0.001614198088645935 4.7136401803982153e-07
0.0016143652610480785 4.962353727933078e-07
0.0016153817996382713 4.835735012420628e-07
0.001617067027837038 4.446613957043155e-07
0.0016191995237022638 4.0237654275188106e-07
0.0016214214265346527 3.80700498681108e-07
0.0016234517097473145 3.807310520187457e-07
0.0016250363551080227 3.900833860370767e-07
0.0016259769909083843 3.866789484163746e-07
0.001626274548470974 3.69480630979524e-07
0.0016260568518191576 3.426737862355367e-07
0.0016254996880888939 3.1989844728741446e-07
0.0016249011969193816 3.1427805424755206e-07
0.0016244426369667053 3.214142907381756e-07
0.00162434799131006 3.3338426419504685e-07
0.0016246938612312078 3.3948879263334675e-07
0.0016254791989922523 3.338765850458003e-07
0.0016266144812107086 3.2232574653789925e-07
0.0016279408009722829 3.1642483122595877e-07
0.001629296108148992 3.139886644021317e-07
0.0016304920427501202 3.165731357057666e-07
