0.0007669621263630688 0.06749037653207779
0.0007901422795839608 0.008128443732857704
0.0008377739577554166 0.009976868517696857
0.0008657904691062868 0.028422202914953232
0.0008589427452534437 0.027551304548978806
0.000833513680845499 0.014315785840153694
0.0008051175391301513 0.003157062688842416
0.0007836469449102879 0.0013061780482530594
0.0007735715480521321 0.006722241640090942
0.0007746273186057806 0.012072165496647358
0.0007842675549909472 0.012308811768889427
0.0008002667455002666 0.007966889999806881
0.000821257010102272 0.002801053924486041
0.0008456386858597398 0.0003318337257951498
0.0008706479566171765 0.001531269634142518
0.0008924443391151726 0.00451906630769372
0.000907622801605612 0.006422153674066067
0.0009146989323198795 0.005757343024015427
0.0009144142968580127 0.0033301382791250944
0.0009089256054721773 0.0010847114026546478
0.000900908256880939 0.00047859878395684063
0.0008927324088290334 0.0015166293596848845
0.0008860556990839541 0.0029579782858490944
0.0008817660855129361 0.003481394611299038
0.0008801785297691822 0.0027027265168726444
0.0008811468724161386 0.0013166519347578287
0.0008840351947583258 0.0003697506617754698
0.0008875562925823033 0.00041701149893924594
0.0008899981039576232 0.0011474278289824724
0.000889803224708885 0.0017507971497252584
0.0008862630929797888 0.001663388218730688
0.0008796958136372268 0.0009884139290079474
0.0008713160641491413 0.0003213913005311042
0.0008626785129308701 0.00014982673746999353
0.0008552393992431462 0.0004812108527403325
0.0008500425610691309 0.0008993713418021798
0.0008476055809296668 0.0009917920688167214
0.0008479282259941101 0.0006921293679624796
0.0008505433215759695 0.00029973985510878265
0.0008545513264834881 0.00014897844812367111
0.0008588223718106747 0.00030625308863818645
0.0008621980086900294 0.0005524789448827505
0.0008639821317046881 0.0006237289635464549
0.0008641262538731098 0.00045646465150639415
0.0008631533710286021 0.0002276563027407974
0.0008619551663286984 0.0001379086315864697
0.0008613842073827982 0.00022746765171177685
0.0008620873559266329 0.00036021595587953925
0.000864335335791111 0.0003814948140643537
0.0008680553874000907 0.00027409798349253833
0.000872859382070601 0.00014621144509874284
0.0008780526695773005 0.00011687765072565526
0.0008829433936625719 0.00018439319683238864
0.0008868516888469458 0.00025477923918515444
0.0008894685888662934 0.00024798832600936294
0.0008908496238291264 0.0001739184808684513
0.000891439151018858 0.00011553009244380519
0.0008917743107303977 0.00012442907609511167
0.000892325711902231 0.00017391686560586095
0.0008934128563851118 0.00019984247046522796
0.0008950852788984776 0.00017395397298969328
0.0008972064242698252 0.00012732627510558814
0.0008994081290438771 0.0001103040121961385
0.000901317922398448 0.00013090309221297503
0.0009025305625982583 0.0001558346557430923
0.0009029577486217022 0.00015233273734338582
0.0009026802727021277 0.00012504552432801574
0.0009020065772347152 0.00010546183330006897
0.0009013600647449493 0.00011006765998899937
0.000901068327948451 0.0001273894595215097
0.0009013384114950895 0.0001315202098339796
0.0009021635632961988 0.00011856943456223235
0.0009034368558786809 0.00010440697951707989
0.0009049048530869186 0.00010331940575269982
0.0009062648750841618 0.00011299090692773461
0.0009073478868231177 0.00011854882177431136
0.0009081626776605844 0.00011255191202508286
0.0009087540674954653 0.00010321052832296118
0.0009094025008380413 0.00010070604912471026
0.0009103124029934406 0.00010568478319328278
0.0009116445435211062 0.0001088359349523671
0.000913403753656894 0.00010604663839330897
0.000915481592528522 0.00010005348303820938
0.00091769197024405 9.797374514164403e-05
0.0009198349434882402 0.00010043026850325987
0.0009217390324920416 0.00010255294910166413
0.0009233804885298014 0.00010070269490825012
0.0009248120477423072 9.68958847806789e-05
0.0009261862142011523 9.5606897957623e-05
0.0009276090422645211 9.704069816507399e-05
0.0009292078902944922 9.796582162380219e-05
0.0009309826418757439 9.691978630144149e-05
0.0009328744490630925 9.439868881599978e-05
0.0009347316226921976 9.379319817526266e-05
0.0009364694124087691 9.453219536226243e-05
0.0009379591210745275 9.463841706747189e-05
0.0009392317151650786 9.361147385789081e-05
0.0009403576841577888 9.200060594594106e-05
0.0009414443629793823 9.152317943517119e-05
0.0009426303440704942 9.185689123114571e-05
