0.0014876299537718296 0.027470294386148453
0.0014566188910976052 0.02122585102915764
0.0014648477081209421 0.016056176275014877
0.0015087011270225048 0.012021837756037712
0.0015791547484695911 0.009121747687458992
0.001658351393416524 0.007239389233291149
0.0017214517574757338 0.006093811243772507
0.0017497106455266476 0.005332541186362505
0.001740417443215847 0.004694303963333368
0.0017021546373143792 0.004060468636453152
0.001646094722673297 0.003401687368750572
0.0015825824812054634 0.0027381302788853645
0.0015198851469904184 0.0021022632718086243
0.0014643978793174028 0.0015294450568035245
0.0014205609913915396 0.001049219979904592
0.0013909981353208423 0.0006809844635426998
0.0013767026830464602 0.0004322075692471117
0.00137722201179713 0.00029919654480181634
0.0013905670493841171 0.0002683834754861891
0.0014139353297650814 0.0003191535361111164
0.0014437180943787098 0.0004269786586519331
0.0014762586215510964 0.0005661360919475555
0.001508060609921813 0.0007137617212720215
0.001536233932711184 0.000849602569360286
0.0015585110522806644 0.0009596156305633485
0.0015735951019451022 0.0010338987922295928
0.0015809793258085847 0.0010690299095585942
0.0015808700118213892 0.001065045827999711
0.0015740557573735714 0.001025766832754016
0.0015616603195667267 0.000957464799284935
0.001545117236673832 0.000868074654135853
0.0015259250067174435 0.0007663556025363505
0.0015056153060868382 0.000660122255794704
0.001485434826463461 0.0005569845670834184
0.0014664652990177274 0.00046247729915194213
0.0014493906637653708 0.0003801513521466404
0.0014347562100738287 0.0003117815940640867
0.001422662171535194 0.00025766075123101473
0.0014130733907222748 0.00021638012549374253
0.001405677990987897 0.00018526687927078456
0.0014001072850078344 0.00016188452718779445
0.0013960301876068115 0.00014437125355470926
0.0013929016422480345 0.00013058520562481135
0.0013903818326070905 0.00011997215187875554
0.0013883081264793873 0.00011228577932342887
0.0013864581706002355 0.00010781750461319461
0.0013848007656633854 0.00010678321996238083
0.0013833752600476146 0.0001092620805138722
0.0013821382308378816 0.0001143449408118613
0.0013811542885378003 0.00012099037121515721
0.0013805017806589603 0.00012754990893881768
0.001380209345370531 0.00013282897998578846
0.0013802365865558386 0.00013504052185453475
0.0013806093484163284 0.00013358316209632903
0.001381320646032691 0.0001281360600842163
0.0013822728069499135 0.00011914606875507161
0.0013835065765306354 0.00010771026427391917
0.0013849505921825767 9.50439934968017e-05
0.0013865582877770066 8.234212873503566e-05
0.0013882676139473915 7.09200685378164e-05
0.0013900389894843102 6.12825169810094e-05
0.0013918884797021747 5.383908865042031e-05
0.0013936810428276658 4.86179742438253e-05
0.001395368599332869 4.50502302555833e-05
0.0013969489373266697 4.2882438719971105e-05
0.001398397609591484 4.1494789911666885e-05
0.0013997101923450828 4.0409908251604065e-05
0.0014008331345394254 3.944231502828188e-05
0.0014018493238836527 3.8524201954714954e-05
0.0014027677243575454 3.7634246837114915e-05
0.001403619535267353 3.6699409974971786e-05
0.0014043322298675776 3.5883022064808756e-05
0.001405003247782588 3.505917629809119e-05
0.0014056232757866383 3.4293301723664626e-05
0.0014062118716537952 3.3334163163090125e-05
0.001406786497682333 3.2195792300626636e-05
0.0014072736958041787 3.078747613471933e-05
0.0014078037347644567 2.9018685381743126e-05
0.001408369280397892 2.69827178271953e-05
0.001409026444889605 2.4798710001050495e-05
0.0014097302919253707 2.2633928892901167e-05
0.001410506316460669 2.0611108993762173e-05
0.001411373377777636 1.887766302388627e-05
0.001412334037013352 1.741868800309021e-05
0.0014133979566395283 1.6333791791112162e-05
0.001414497965015471 1.5463889212696813e-05
0.0014156217221170664 1.4861951967759524e-05
0.0014167255721986294 1.4344451301440131e-05
0.0014178320998325944 1.3931330613559112e-05
0.0014188950881361961 1.341070583293913e-05
0.001419899519532919 1.2863696611020714e-05
0.0014208500506356359 1.2299968147999607e-05
0.0014218164142221212 1.1767243449867237e-05
0.0014227062929421663 1.1193652426300105e-05
0.0014236767310649157 1.061769580701366e-05
0.0014246334321796894 1.0048554031527601e-05
0.0014256029389798641 9.550713912176434e-06
0.001426571048796177 8.990902642835863e-06
0.0014275837456807494 8.437975338893011e-06
0.0014285659417510033 7.902200195530895e-06
