0.0018781201215460896 0.007294436916708946
0.001823105034418404 0.005414867307990789
0.00180429732427001 0.0038333041593432426
0.001821017125621438 0.002546570496633649
0.001871573505923152 0.0015493322862312198
0.0019529520068317652 0.0008275351137854159
0.0020604259334504604 0.0003604925295803696
0.002187308855354786 0.00011602001904975623
0.00232488545589149 5.383247844292782e-05
0.002462655771523714 0.00012544097262434661
0.002589280717074871 0.0002787589037325233
0.0026946188881993294 0.00046415923861786723
0.0027718273922801018 0.0006394070223905146
0.0028179707005620003 0.0007730044308118522
0.0028334297239780426 0.0008494381909258664
0.002820751629769802 0.0008625671616755426
0.002783904317766428 0.0007908799452707171
0.0027241590432822704 0.0006946290377527475
0.0026498446241021156 0.0005676600849255919
0.002566887531429529 0.00042975760879926383
0.0024806258734315634 0.0002978106203954667
0.0023957090452313423 0.00018710254516918212
0.0023158127442002296 0.00010587163706077263
0.002243885537609458 5.8708897995529696e-05
0.0021815977524966 4.445472586667165e-05
0.002129562199115753 5.7221077440772206e-05
0.002087406814098358 8.79791405168362e-05
0.0020540510304272175 0.00012687778507824987
0.0020283234771341085 0.00016347401833627373
0.002009267918765545 0.000190513048437424
0.0019964324310421944 0.00020302501798141748
0.001989615149796009 0.00019959239580202848
0.001988772302865982 0.0001821625482989475
0.0019937665201723576 0.00015469799109268934
0.002004407811909914 0.00012260368384886533
0.0020201834850013256 9.086749196285382e-05
0.002040355931967497 6.404801388271153e-05
0.002063716296106577 4.516803892329335e-05
0.002088885521516204 3.528143497533165e-05
0.0021142596378922462 3.384690353414044e-05
0.002138180658221245 3.8859518099343404e-05
0.002159097930416465 4.754486872116104e-05
0.0021756398491561413 5.714377039112151e-05
0.0021869291085749865 6.48916611680761e-05
0.0021924669854342937 6.924738408997655e-05
0.0021921987645328045 6.919474981259555e-05
0.0021865591406822205 6.523351476062089e-05
0.00217623682692647 5.81282984057907e-05
0.002162256045266986 4.955278927809559e-05
0.002145715057849884 4.099480793229304e-05
0.002127806656062603 3.375021697138436e-05
0.0021096139680594206 2.8918635507579893e-05
0.002092174720019102 2.6504416382522322e-05
0.002076247474178672 2.6463614631211385e-05
0.0020625030156224966 2.8018719604006037e-05
0.0020513134077191353 3.0348426662385464e-05
0.00204295851290226 3.2510783057659864e-05
0.002037446014583111 3.391595964785665e-05
0.0020347260870039463 3.394777013454586e-05
0.002034611999988556 3.2807722163852304e-05
0.0020367333199828863 3.060587550862692e-05
0.0020407254341989756 2.7924281312152743e-05
0.0020461464300751686 2.5143901439150795e-05
0.002052473835647106 2.2842916223453358e-05
0.0020591658540070057 2.1215812012087554e-05
0.002065700478851795 2.0311257685534656e-05
0.00207155616953969 2.0099914763704874e-05
0.00207639136351645 2.0402247173478827e-05
0.0020798121113330126 2.0822712031076662e-05
0.002081638667732477 2.10400849027792e-05
0.0020817911718040705 2.0995559680159204e-05
0.0020803518127650023 2.0622297597583383e-05
0.002077546203508973 1.977388274099212e-05
0.002073613228276372 1.875313500931952e-05
0.0020688590593636036 1.7717677110340446e-05
0.0020636538974940777 1.6680949556757696e-05
0.0020583923906087875 1.5890462236711755e-05
0.0020534188952296972 1.5377027011709288e-05
0.0020489401649683714 1.504749343439471e-05
0.002045178785920143 1.4860300325381104e-05
0.002042320789769292 1.4808046216785442e-05
0.0020404192619025707 1.4647539501311257e-05
0.0020395061001181602 1.4417517377296463e-05
0.0020395575556904078 1.4112793905951548e-05
0.0020404376555234194 1.3646125808008946e-05
0.0020420164801180363 1.3124536053510383e-05
0.0020441319793462753 1.2549239727377426e-05
0.0020466174464672804 1.2059540495101828e-05
0.0020492817275226116 1.1653597539407201e-05
0.0020519462414085865 1.1348636689945124e-05
0.002054452197626233 1.1058407835662365e-05
0.002056689467281103 1.0852141713257879e-05
0.002058500424027443 1.0675101293600164e-05
0.0020598990377038717 1.0505533282412216e-05
0.002060857368633151 1.0257722351525445e-05
0.002061425242573023 9.966918696591165e-06
0.0020616743713617325 9.655455869506113e-06
0.002061719773337245 9.321683137386572e-06
0.0020616413094103336 8.986231478047557e-06
0.002061559120193124 8.71494830789743e-06
