0.002855990082025528 0.20737183094024658
0.0029242397285997868 0.11652232706546783
0.0030254859011620283 0.07362975925207138
0.0031374660320580006 0.06541896611452103
0.0032261167652904987 0.06895594298839569
0.003276561154052615 0.06648516654968262
0.0032974742352962494 0.054543569684028625
0.003302172990515828 0.037319477647542953
0.0033018633257597685 0.020388517528772354
0.0033046002499759197 0.008165678940713406
0.003315967507660389 0.0028407261706888676
0.0033388116862624884 0.003933207131922245
0.003373253159224987 0.008592948317527771
0.003417238360270858 0.013142341747879982
0.003467555157840252 0.01511278934776783
0.0035207767505198717 0.014132972806692123
0.00357394153252244 0.011547932401299477
0.003624374745413661 0.009127567522227764
0.0036690724082291126 0.00818655639886856
0.003704852657392621 0.009000670164823532
0.0037286479491740465 0.010872649028897285
0.0037381364963948727 0.012574806809425354
0.0037323255091905594 0.013047453947365284
0.0037120406050235033 0.011892089620232582
0.0036797502543777227 0.009467396885156631
0.0036388924345374107 0.0066276066936552525
0.0035935339983552694 0.004257147666066885
0.003547471947968006 0.0029011466540396214
0.003503877203911543 0.0025726205203682184
0.0034651197493076324 0.002826834097504616
0.003432625439018011 0.0030748099088668823
0.0034071935806423426 0.002914231037721038
0.0033888479229062796 0.0023095484357327223
0.0033771730959415436 0.0015532283578068018
0.003371230559423566 0.001025332952849567
0.0033695921301841736 0.000965145998634398
0.003370544407516718 0.0013578870566561818
0.0033725369721651077 0.001950264209881425
0.0033742371015250683 0.0024163664784282446
0.003374924883246422 0.002545254770666361
0.003374665044248104 0.0023129612673074007
0.003374104155227542 0.0018803320126608014
0.003374238032847643 0.0014713341370224953
0.003376335371285677 0.0012293164618313313
0.0033812369219958782 0.0011738071916624904
0.0033895683009177446 0.0011936887167394161
0.0034015290439128876 0.0011558693367987871
0.0034168832935392857 0.0009892228990793228
0.0034350028727203608 0.000727826205547899
0.003454851685091853 0.00047470940626226366
0.0034752313513308764 0.0003316525253467262
0.00349498656578362 0.00033354185870848596
0.003512747585773468 0.0004335653211455792
0.0035277418792247772 0.0005444518174044788
0.0035392101854085922 0.0005919410614296794
0.003547294531017542 0.0005642909673042595
0.0035522724501788616 0.0004942263476550579
0.0035549052990972996 0.00043755213846452534
0.003555956995114684 0.00042379696969874203
0.0035561975091695786 0.00044335462735034525
0.003556322306394577 0.0004607372102327645
0.003556858515366912 0.0004415439907461405
0.003557899035513401 0.00037865896592848003
0.0035594371147453785 0.0002981799771077931
0.003561174962669611 0.00023208986385725439
0.003562978934496641 0.00020131330529693514
0.0035643333103507757 0.00020194976241327822
0.0035651070065796375 0.00021336959616746753
0.0035652033984661102 0.00021424359874799848
0.003564763581380248 0.00019956532923970371
0.003564094193279743 0.0001784634659998119
0.0035637307446449995 0.0001663478760747239
0.0035640939604490995 0.0001685323368292302
0.0035656061954796314 0.00018008930783253163
0.0035683985333889723 0.0001883940421976149
0.003572688437998295 0.00018425550661049783
0.0035782817285507917 0.00016681400302331895
0.003584838705137372 0.00014632199599873275
0.0035920687951147556 0.00013167489669285715
0.003599415300413966 0.00012455957767087966
0.0036065573804080486 0.0001222934079123661
0.003613163949921727 0.00011914614151464775
0.0036191402468830347 0.00011149147030664608
0.0036245030350983143 0.00010144613042939454
0.0036293123848736286 9.426344331586733e-05
0.003633719403296709 9.211819269694388e-05
0.00363794039003551 9.402012074133381e-05
0.0036421227268874645 9.640548523748294e-05
0.0036463099531829357 9.618220065021887e-05
0.003650402184575796 9.224678797181696e-05
0.003654361702501774 8.747199899517e-05
0.0036580602172762156 8.379869541386142e-05
0.0036614183336496353 8.221180905820802e-05
0.0036641289480030537 8.106582390610129e-05
0.003666328266263008 7.909244595794007e-05
0.0036680346820503473 7.550222653662786e-05
0.003669347148388624 7.120896043488756e-05
0.003670427016913891 6.855735409772024e-05
0.0036714780144393444 6.72481328365393e-05
0.003672744380310178 6.699795630993322e-05
