10.258246421813965 0.5839567184448242
12.340007781982422 108.05294036865234
11.11406421661377 0.13178366422653198
21.21190643310547 1.9145786762237549
9.082873344421387 0.5311726331710815
13.35130786895752 6.340704917907715
13.908639907836914 23.544511795043945
8.390369415283203 40.702579498291016
16.603796005249023 7.767451286315918
8.624635696411133 3.0195541381835938
7.92003059387207 0.15698345005512238
6.128511428833008 17.896678924560547
10.744245529174805 45.144012451171875
13.010368347167969 0.8634160161018372
4.430490970611572 51.883113861083984
7.3545451164245605 37.68043518066406
11.633678436279297 0.7877194881439209
6.703068256378174 38.57632827758789
20.79463005065918 72.4642562866211
10.94369888305664 0.059063393622636795
5.810473442077637 9.207858085632324
19.953039169311523 60.947452545166016
16.697162628173828 13.567439079284668
10.721665382385254 0.5626561045646667
7.116473197937012 26.694122314453125
14.513595581054688 35.95100021362305
13.387296676635742 0.1863367110490799
25.572229385375977 6.6202874183654785
12.50533676147461 16.079631805419922
11.354203224182129 48.22194290161133
11.053750038146973 51.60344314575195
12.55532169342041 23.555255889892578
18.480310440063477 7.887592792510986
17.117473602294922 104.10773468017578
8.439189910888672 1.3057605028152466
16.615962982177734 9.216924667358398
17.04909324645996 66.22565460205078
8.11659049987793 10.148941040039062
16.856874465942383 5.039229393005371
12.714802742004395 60.18031692504883
22.772216796875 58.722171783447266
8.27746868133545 4.165529251098633
10.803573608398438 9.588258743286133
10.336138725280762 5.024377346038818
10.085667610168457 6.869894504547119
7.976748466491699 0.02220710925757885
10.415576934814453 0.5881507992744446
7.304654598236084 0.0763217881321907
24.951412200927734 36.83293914794922
12.559492111206055 3.1811137199401855
9.197586059570312 31.212919235229492
12.798181533813477 0.7019800543785095
20.853483200073242 67.32658386230469
21.45001792907715 23.092235565185547
7.902475833892822 48.582218170166016
12.617636680603027 0.9426940083503723
13.283296585083008 3.078326940536499
9.090588569641113 2.273129940032959
14.203512191772461 30.89678192138672
17.881885528564453 12.93881893157959
19.155733108520508 47.97370147705078
8.268519401550293 1.3108402490615845
21.2843017578125 0.2062479704618454
19.172901153564453 5.473354816436768
12.878098487854004 14.140371322631836
7.6314167976379395 38.5638313293457
15.890951156616211 1.940269947052002
14.687707901000977 1.1134178638458252
23.570470809936523 1.2775590419769287
23.69927978515625 5.964862823486328
20.035884857177734 20.400243759155273
20.37718963623047 1.6909594535827637
18.275869369506836 52.6921272277832
14.136800765991211 2.114140510559082
14.998165130615234 3.1657156944274902
14.476765632629395 0.03649722412228584
31.878427505493164 5.455674171447754
33.669654846191406 1.644857406616211
16.318456649780273 6.817076206207275
24.555423736572266 8.612283706665039
17.336410522460938 49.951568603515625
19.386213302612305 7.549495220184326
19.408103942871094 2.7098281383514404
20.974130630493164 1.852088451385498
19.585887908935547 13.081989288330078
13.487672805786133 18.786052703857422
14.031539916992188 13.781571388244629
22.215744018554688 16.09587287902832
27.123638153076172 0.24760650098323822
16.94451141357422 3.595973253250122
14.045492172241211 7.346219539642334
12.680642127990723 13.666213035583496
17.90589714050293 60.36943054199219
21.16278839111328 0.4243317246437073
22.62445640563965 8.138680458068848
19.93199920654297 0.5409213900566101
11.424373626708984 6.486025810241699
27.070444107055664 1.1207385063171387
17.765169143676758 0.1270565390586853
9.245513916015625 15.072796821594238
