4.640616416931152 27.774520874023438
8.073769569396973 126.72105407714844
14.793905258178711 48.228755950927734
22.20194435119629 170.553955078125
12.048179626464844 92.76580047607422
5.014617919921875 41.4513053894043
13.777803421020508 195.73785400390625
13.830649375915527 31.89422035217285
17.881532669067383 282.373291015625
6.538332939147949 31.37677001953125
9.490959167480469 11.990809440612793
6.662368297576904 27.063772201538086
12.05933666229248 211.58212280273438
6.15557861328125 147.2552032470703
23.381736755371094 174.2716064453125
14.6744966506958 20.735929489135742
19.145294189453125 34.742958068847656
13.594356536865234 81.81645202636719
11.22822380065918 138.64242553710938
6.555301666259766 260.9855651855469
17.688411712646484 31.525449752807617
16.205181121826172 61.38772964477539
17.203388214111328 102.77790832519531
15.556791305541992 37.000892639160156
15.253193855285645 54.3907585144043
15.634475708007812 48.1464958190918
12.931540489196777 222.98681640625
15.54528522491455 285.6752014160156
28.190969467163086 197.2052001953125
5.78176212310791 127.7611312866211
15.643769264221191 46.08552169799805
13.39163589477539 81.59135437011719
8.899591445922852 68.23074340820312
7.824650764465332 164.97244262695312
13.375927925109863 30.04167366027832
12.455697059631348 288.99810791015625
3.913295030593872 10.247157096862793
8.50979232788086 116.36744689941406
12.869111061096191 22.243741989135742
17.321189880371094 105.85271453857422
13.872289657592773 135.98609924316406
13.246432304382324 33.56798553466797
9.878725051879883 73.15426635742188
12.224660873413086 79.98758697509766
17.093984603881836 192.4642333984375
16.038658142089844 51.785484313964844
8.910676956176758 16.933208465576172
8.856742858886719 38.061527252197266
5.201052665710449 62.19070816040039
16.791824340820312 43.29193115234375
7.210864543914795 50.550655364990234
8.595170974731445 92.09149932861328
13.73426628112793 56.398128509521484
10.464905738830566 39.330726623535156
7.478675842285156 41.58183670043945
14.875001907348633 266.352783203125
9.754888534545898 36.63516616821289
12.334467887878418 57.09821319580078
12.455751419067383 53.725502014160156
10.200202941894531 250.333251953125
11.406095504760742 210.23007202148438
16.720401763916016 67.76630401611328
18.40162467956543 459.5987243652344
17.312232971191406 31.655210494995117
13.382369041442871 63.2429313659668
6.669496059417725 70.40461730957031
9.144744873046875 117.27440643310547
17.68426513671875 189.58775329589844
14.086658477783203 206.24008178710938
16.366918563842773 4.460453510284424
13.32220458984375 175.57855224609375
19.870651245117188 108.18157958984375
11.046289443969727 210.7775115966797
9.227441787719727 38.51659393310547
15.702733993530273 167.86647033691406
19.76207733154297 34.75777816772461
11.845538139343262 53.357215881347656
18.11260986328125 107.81293487548828
13.30307388305664 70.09996032714844
14.076748847961426 62.48993682861328
9.466682434082031 31.05229949951172
14.632379531860352 190.6671905517578
21.905393600463867 57.04127502441406
21.169923782348633 80.6795883178711
5.956184387207031 84.89458465576172
12.909981727600098 8.325579643249512
8.071611404418945 18.73270606994629
18.352750778198242 42.03644943237305
8.013331413269043 52.3125114440918
18.790782928466797 33.93682861328125
21.309873580932617 61.80475997924805
10.311842918395996 114.90900421142578
8.145990371704102 10.222049713134766
9.601465225219727 15.668692588806152
16.85822868347168 99.28639221191406
23.129018783569336 99.09117126464844
14.160543441772461 53.8427619934082
20.06039047241211 50.658451080322266
17.700408935546875 100.91287994384766
6.573971271514893 166.7841033935547
