7.159821510314941 193.38259887695312
2.754432439804077 54.23316955566406
13.001497268676758 98.06855010986328
7.642457008361816 38.88483428955078
14.438299179077148 97.28980255126953
12.999876022338867 63.82020568847656
15.210762977600098 80.29535675048828
11.102964401245117 80.92374420166016
7.9488420486450195 58.518070220947266
20.92478370666504 103.1732406616211
22.275182723999023 104.6598129272461
9.32747745513916 71.40972137451172
9.499396324157715 27.27602767944336
6.516558647155762 22.994352340698242
12.046463966369629 32.81697463989258
12.376274108886719 144.69216918945312
10.521703720092773 96.32190704345703
6.383388042449951 37.01765060424805
16.222957611083984 105.35526275634766
8.128358840942383 125.17831420898438
16.42420196533203 116.19367218017578
9.598822593688965 212.26763916015625
15.264045715332031 72.64282989501953
22.81633949279785 65.4654312133789
7.994936943054199 106.3690185546875
7.314874649047852 53.229122161865234
6.989337921142578 133.67498779296875
8.728416442871094 196.72036743164062
5.889279365539551 57.940185546875
11.922513961791992 9.444648742675781
8.605188369750977 66.08174133300781
7.921515941619873 100.1589126586914
16.61695098876953 93.74691772460938
19.450885772705078 38.38238525390625
5.7001190185546875 22.897693634033203
17.941001892089844 90.875
9.679269790649414 32.45890808105469
21.93832778930664 43.978580474853516
7.0932698249816895 123.85749816894531
12.614235877990723 42.17132568359375
19.839065551757812 48.058902740478516
6.007472038269043 76.29209899902344
8.263142585754395 229.60752868652344
7.646495819091797 80.08848571777344
15.189045906066895 105.09151458740234
5.277035236358643 65.75811004638672
20.457462310791016 204.22206115722656
10.52498722076416 106.61831665039062
17.04540252685547 125.4865951538086
15.110896110534668 103.76067352294922
21.0109920501709 78.21570587158203
19.317501068115234 68.44731903076172
10.604936599731445 74.81059265136719
16.056339263916016 127.97256469726562
10.898871421813965 80.06985473632812
11.286343574523926 67.95787048339844
9.027871131896973 81.8525161743164
21.38056182861328 34.894508361816406
14.196427345275879 123.04610443115234
8.600841522216797 62.875980377197266
20.236818313598633 173.28797912597656
13.668577194213867 28.53929901123047
17.54775047302246 43.385887145996094
20.20340919494629 33.839111328125
12.302298545837402 140.91928100585938
19.25629234313965 27.300668716430664
14.936324119567871 29.67921257019043
22.2828311920166 72.34549713134766
8.137633323669434 111.46575164794922
9.200967788696289 128.6824188232422
10.752692222595215 40.92626190185547
15.277215957641602 49.975624084472656
17.533418655395508 55.58448791503906
23.83539581298828 64.95244598388672
9.334447860717773 42.466094970703125
12.927592277526855 33.2091064453125
18.503860473632812 77.46376037597656
19.574975967407227 95.8211441040039
12.989738464355469 73.67848205566406
13.03797435760498 53.59693908691406
30.46078109741211 97.51229858398438
10.652020454406738 29.49576759338379
21.370677947998047 56.39011001586914
15.41126537322998 35.005313873291016
18.720571517944336 65.10499572753906
12.569649696350098 33.432762145996094
12.070688247680664 13.956805229187012
16.904603958129883 46.64188766479492
18.42879867553711 55.50152587890625
7.383374214172363 46.940040588378906
7.839611053466797 128.09097290039062
18.290761947631836 38.894264221191406
9.87279987335205 101.64727783203125
20.514291763305664 23.864343643188477
14.616640090942383 71.77531433105469
9.457833290100098 101.58616638183594
11.224205017089844 25.231597900390625
10.995814323425293 66.24043273925781
13.947957038879395 137.28579711914062
5.729011535644531 117.10163116455078
