9.147089004516602 2.0733702182769775
20.06681251525879 4.606098175048828
12.496712684631348 2.0146946907043457
4.675195217132568 0.2839180529117584
7.615633964538574 0.2577913701534271
12.971885681152344 2.4778892993927
12.430685043334961 9.430770874023438
13.283524513244629 4.974735260009766
22.427331924438477 15.352285385131836
8.359750747680664 8.717944145202637
4.941803932189941 0.4870193600654602
6.862294673919678 32.44436264038086
11.44499397277832 152.52284240722656
16.72319221496582 104.44281768798828
18.626888275146484 3.495483636856079
8.763216018676758 0.9914278388023376
11.57745361328125 41.441192626953125
16.006420135498047 64.0567855834961
14.287246704101562 31.710731506347656
13.955723762512207 12.579009056091309
15.60494327545166 1.9075103998184204
9.740011215209961 46.12765121459961
22.247814178466797 21.20081329345703
20.693052291870117 0.9369551539421082
24.939189910888672 18.624778747558594
28.580984115600586 131.14988708496094
14.690526962280273 101.36979675292969
5.349631309509277 1.0362403392791748
9.91462516784668 6.316489219665527
26.32288360595703 3.748586416244507
18.559162139892578 5.098374843597412
11.2199125289917 60.6414909362793
16.54596710205078 13.338014602661133
8.855859756469727 0.02952880598604679
15.764276504516602 35.43739318847656
19.10791778564453 0.5582646131515503
24.418546676635742 1.2450512647628784
20.44903564453125 50.16239547729492
7.7880425453186035 28.30276870727539
10.995360374450684 2.0527985095977783
12.139412879943848 0.04383718967437744
8.398537635803223 30.135234832763672
18.177963256835938 35.97383499145508
10.996450424194336 0.798565149307251
4.455323219299316 26.2363338470459
15.123574256896973 95.19571685791016
12.773795127868652 23.994659423828125
6.736006736755371 17.015399932861328
23.197765350341797 7.176692962646484
13.08514404296875 11.665628433227539
13.023695945739746 7.738632678985596
22.736454010009766 10.95328426361084
7.340146064758301 5.061051845550537
9.584039688110352 25.769763946533203
5.7522759437561035 39.5682487487793
17.880781173706055 90.67747497558594
10.812814712524414 2.573108196258545
13.83069896697998 1.6770776510238647
11.671932220458984 133.8760528564453
6.677268028259277 64.47460174560547
12.000774383544922 29.20216941833496
14.054615020751953 7.456690788269043
14.692627906799316 3.697838068008423
19.69564437866211 12.283884048461914
8.129026412963867 30.247997283935547
15.423317909240723 43.58050537109375
9.803237915039062 65.85736083984375
10.8787202835083 47.77255630493164
11.532706260681152 102.22520446777344
10.543736457824707 21.009859085083008
14.637422561645508 23.579418182373047
8.999865531921387 9.978775024414062
12.067368507385254 26.30747413635254
18.838180541992188 2.6228795051574707
20.910781860351562 3.0102407932281494
14.866886138916016 22.483844757080078
11.69637680053711 40.984642028808594
18.172103881835938 7.504065990447998
12.013408660888672 52.129547119140625
15.559829711914062 1.75908362865448
16.940702438354492 6.466055870056152
15.064352035522461 14.507022857666016
21.540935516357422 7.116909503936768
16.366098403930664 3.3148536682128906
17.740703582763672 9.361114501953125
9.84713363647461 14.935205459594727
10.954997062683105 19.382606506347656
27.887765884399414 3.015089511871338
32.296600341796875 1.9120218753814697
15.456573486328125 1.2177594900131226
15.144017219543457 1.660921335220337
12.086368560791016 14.430630683898926
22.555078506469727 4.298465728759766
13.858874320983887 11.831615447998047
23.628698348999023 11.290865898132324
15.629948616027832 8.232840538024902
13.61043930053711 2.075026750564575
32.217613220214844 0.3599618077278137
18.740238189697266 26.609600067138672
10.528220176696777 4.161482810974121
