10.159656524658203 3.3625829219818115
20.63412857055664 0.4684615135192871
10.668749809265137 1.3279446363449097
13.226349830627441 9.108918190002441
8.321929931640625 0.030029594898223877
10.560088157653809 21.05202865600586
9.74285888671875 2.6389081478118896
12.826407432556152 6.586952209472656
20.692380905151367 0.4766506850719452
10.344476699829102 26.481243133544922
9.240419387817383 8.388638496398926
8.33318042755127 5.631781101226807
6.779773712158203 46.54096221923828
18.175086975097656 6.992356777191162
8.496604919433594 1.0588946342468262
6.706997871398926 2.1015126705169678
15.006914138793945 0.5693415403366089
11.668915748596191 17.384687423706055
14.601985931396484 2.5543887615203857
12.689995765686035 9.558773040771484
6.762508392333984 32.2546272277832
7.743233680725098 1.6709550619125366
11.449528694152832 41.4984245300293
10.434886932373047 9.422890663146973
14.902704238891602 4.33307409286499
10.449370384216309 1.2782719135284424
14.886226654052734 13.56580924987793
10.803451538085938 24.081178665161133
8.559906005859375 4.61608362197876
9.314903259277344 6.791779518127441
5.053441047668457 12.497933387756348
19.970361709594727 18.2755069732666
6.052421569824219 15.281414031982422
7.1641387939453125 5.193131923675537
19.698259353637695 6.293529987335205
15.473819732666016 30.267215728759766
11.458008766174316 9.910506248474121
15.280518531799316 0.11064492166042328
6.001193046569824 35.84027099609375
11.407271385192871 2.7619640827178955
6.398468494415283 39.84667205810547
12.08095932006836 7.628022193908691
13.68121337890625 4.9952168464660645
8.002053260803223 2.1735610961914062
8.123424530029297 7.30588960647583
20.078893661499023 7.6790571212768555
20.225252151489258 48.35236358642578
14.902375221252441 7.712653160095215
29.428020477294922 28.798540115356445
14.420140266418457 2.071897029876709
19.288270950317383 0.5477542281150818
10.205825805664062 25.209980010986328
6.811961650848389 39.49917984008789
9.196067810058594 5.074246883392334
17.712100982666016 31.394439697265625
5.579361915588379 14.176505088806152
23.164215087890625 19.36040496826172
14.028484344482422 10.041790962219238
17.45963478088379 2.02590012550354
7.632908344268799 1.5684374570846558
16.486061096191406 5.183984279632568
20.54520606994629 5.09561014175415
20.172584533691406 1.7992347478866577
13.636558532714844 8.596696853637695
10.232263565063477 32.10698699951172
16.625938415527344 2.104132890701294
16.80417251586914 1.864951252937317
10.680826187133789 8.640534400939941
6.672619342803955 4.669162273406982
10.041964530944824 0.18038977682590485
23.74944496154785 49.07273864746094
22.899396896362305 3.0343034267425537
14.593534469604492 23.930442810058594
15.090085983276367 32.832550048828125
17.45498275756836 5.254589557647705
12.932660102844238 8.399958610534668
14.149575233459473 37.66714859008789
11.183971405029297 10.076167106628418
12.392634391784668 3.0354886054992676
25.40742301940918 0.01421209704130888
14.064815521240234 23.605867385864258
19.150028228759766 26.506330490112305
9.998311042785645 1.1970758438110352
40.062416076660156 0.31840142607688904
19.085676193237305 27.81585693359375
30.258819580078125 33.86962127685547
46.20344543457031 14.962798118591309
26.528162002563477 13.495268821716309
30.110265731811523 1.262930154800415
22.544517517089844 8.538077354431152
21.9459285736084 11.791033744812012
28.820865631103516 0.14416688680648804
25.638185501098633 0.7897393107414246
24.97718620300293 0.4398423731327057
34.90876770019531 0.90999436378479
28.041120529174805 6.318294048309326
25.437345504760742 18.178184509277344
24.946931838989258 9.005620002746582
25.63507080078125 13.699907302856445
41.42644119262695 3.5799596309661865
